605
586
586
559
511
443
422
395
382
370
383
397
420
455
493
554
610
666
715
755
778
794
806
808
776
723
709
660
585
527
462
437
413
407
404
420
441
471
526
571
612
635
613
608
614
637
669
683
687
660
661
632
573
521
481
452
447
425
427
441
438
472
528
596
661
708
754
781
808
819
820
801
770
717
697
655
607
552
512
475
452
436
429
433
430
472
536
611
662
705
707
718
733
741
737
710
647
593
564
528
507
466
428
396
382
371
374
372
373
406
451
480
487
487
494
505
519
535
560
570
551
541
552
521
477
426
395
370
357
349
362
374
402
427
456
500
558
608
661
704
736
763
782
782
775
730
716
657
590
518
469
438
418
406
405
418
440
467
526
588
660
713
767
800
828
837
851
836
813
776
753
695
620
542
494
459
439
417
423
429
450
482
539
613
677
736
777
820
828
838
824
805
774
736
718
666
601
532
485
449
427
415
418
438
445
487
535
598
669
730
776
801
824
826
819
802
771
740
722
676
603
546
488
458
438
421
419
426
450
487
550
612
683
739
785
818
837
847
848
834
810
764
746
698
634
584
519
490
463
446
439
436
442
483
566
643
723
773
822
849
865
881
882
872
840
797
773
724
661
593
547
512
484
463
452
442
447
506
598
692
756
804
836
866
886
890
878
863
830
770
756
704
629
566
518
484
461
450
446
467
485
525
585
670
747
805
839
857
844
834
828
834
815
781
762
710
641
571
527
498
475
466
472
478
506
542
594
661
728
786
828
846
854
852
862
859
853
815
802
749
679
604
569
529
513
500
495
511
525
557
605
676
737
791
837
856
886
901
916
905
871
823
798
738
666
593
553
515
494
487
482
498
515
540
584
633
705
754
801
833
863
872
867
845
819
787
762
717
651
575
537
500
470
457
465
467
488
525
581
654
732
789
826
852
870
859
853
820
789
741
731
683
620
566
514
478
462
435
432
434
441
483
563
644
729
798
847
874
890
908
902
895
860
815
792
732
672
605
554
517
492
473
452
458
452
506
607
691
761
820
860
867
852
820
768
729
689
661
652
612
559
503
468
441
423
412
424
441
460
494
548
609
694
758
817
863
881
900
909
900
875
830
812
758
688
607
570
536
504
487
495
503
521
554
612
680
753
817
863
889
883
867
840
810
779
744
722
668
613
550
509
481
460
458
456
474
488
527
583
652
723
796
846
877
881
884
857
835
809
766
755
703
635
577
533
504
485
473
474
494
507
545
599
672
740
790
823
822
817
801
792
775
735
723
699
658
598
547
503
474
459
450
450
469
488
520
566
640
705
762
808
838
820
784
753
739
720
690
678
634
587
537
492
464
443
427
424
430
424
473
537
616
684
761
793
826
833
835
838
823
795
750
739
679
622
558
513
476
449
437
422
423
415
475
553
624
680
720
769
805
828
836
849
844
808
757
730
670
594
528
474
447
423
412
413
431
449
489
544
610
696
765
813
851
872
883
899
897
871
831
813
749
664
550
544
505
483
469
466
487
492
531
583
659
743
811
863
898
914
920
926
919
887
862
829
769
691
618
563
529
504
489
487
508
513
555
606
676
761
837
878
890
879
847
820
790
784
752
739
684
3124
2990
2862
2809
2544
2201
1996
1861
1735
1713
1724
1798
1891
2037
2102
2163
2269
2404
2515
2621
2745
2816
2938
3022
2976
2892
2784
2725
2530
2211
1995
1833
1768
1712
1707
1762
1880
1995
2134
2227
2376
2477
2597
2691
2751
2782
2810
2781
2693
2567
2490
2448
2277
1997
1785
1689
1562
1560
1505
1538
1641
1735
1950
2138
2303
2432
2528
2656
2740
2803
2855
2880
2778
2637
2479
2381
2228
2037
1758
1648
1560
1508
1486
1486
1515
1623
1919
2172
2416
2605
2755
2822
2917
2997
3060
3046
2942
2758
2487
2349
2299
2132
1950
1783
1768
1569
1581
1560
1562
1749
2005
2269
2488
2717
2919
3110
3158
3264
3301
3337
3247
3079
2935
2833
2598
2280
2041
1903
1735
1680
1721
1805
1908
2129
2249
2449
2625
2819
2939
3090
3161
3220
3270
3285
3218
3038
2961
2843
2603
2263
2070
1937
1869
1774
1808
1847
1985
2061
2096
2160
2257
2248
2207
2221
2224
2226
2225
2253
2243
2212
2221
2187
2043
1778
1653
1562
1490
1477
1503
1609
1722
1850
1980
2019
2094
2151
2150
2191
2188
2202
2266
2304
2304
2228
2198
2179
2014
1792
1656
1575
1505
1509
1466
1571
1689
1838
1903
1968
2044
2149
2233
2308
2353
2413
2439
2457
2444
2380
2331
2311
2096
1870
1709
1584
1529
1489
1489
1606
1723
1872
1999
2122
2262
2468
2620
2771
2889
2958
3016
3045
2980
2822
2723
2667
2463
2177
1976
1835
1724
1663
1671
1661
1710
1873
2153
2446
2709
2898
3076
3239
3344
3471
3516
3515
3448
3277
3100
2992
2772
2434
2184
2010
1846
1768
1687
1700
1742
1929
2304
2643
2869
3065
3271
3434
3551
3614
3667
3716
3670
3508
3341
3232
2908
2576
2319
2161
2018
1954
1923
1998
2139
2285
2521
2767
3053
3281
3474
3653
3762
3839
3883
3915
3866
3724
3544
3435
3103
2769
2514
2319
2179
2118
2076
2148
2212
2394
2593
2840
3097
3271
3331
3375
3419
3528
3570
3620
3621
3516
3320
3219
2885
2543
2265
2115
1970
1906
1855
1973
2039
2243
2430
2634
2864
3093
3270
3410
3458
3496
3501
3525
3493
3325
3162
3046
2756
2463
2222
2036
1907
1868
1832
1919
2016
2179
2392
2606
2908
3109
3299
3476
3597
3667
3769
3784
3719
3527
3354
3264
2973
2652
2389
2210
2145
2007
2031
2064
2181
2378
2614
2845
3072
3305
3516
3609
3786
3767
3792
3783
3731
3550
3396
3288
3034
2712
2497
2324
2208
2110
2007
2100
2052
2278
2523
2739
2938
3099
3256
3398
3486
3601
3697
3716
3668
3520
3348
3235
2942
2669
2404
2227
2108
1998
1985
1975
1972
2120
2384
2607
2769
2949
3138
3311
3422
3532
3575
3637
3599
3496
3342
3196
2894
2538
2322
2187
2030
1957
1976
2025
2133
2253
2381
2541
2649
2864
3044
3202
3346
3430
3472
3478
3425
3244
3086
2938
2666
2342
2132
1978
1901
1836
1815
1872
1976
2087
2166
2311
2436
2585
2688
2801
2852
2908
2925
2951
2904
2769
2671
2609
2364
2100
1910
1756
1678
1638
1652
1735
1838
1972
2051
2192
2356
2504
2629
2756
2855
2927
2972
3018
2986
2881
2817
2718
2504
2248
2062
1905
1793
1808
1788
1885
1985
2091
2170
2322
2505
2706
2886
3070
3205
3330
3423
3497
3439
3286
3114
2993
2741
2425
2188
1988
1875
1794
1767
1853
1903
2119
2314
2553
2817
3084
3313
3507
3625
3698
3771
3802
3699
3492
3293
3098
2824
2548
2278
2083
1970
1873
1819
1795
1845
1949
2193
2434
2686
2961
3195
3388
3519
3623
3703
3727
3639
3495
3317
3211
2962
2682
2426
2240
2140
2017
1927
1941
1923
2076
2330
2635
2809
3018
3219
3420
3569
3655
3733
3769
3699
3536
3363
3258
2933
2601
2367
2175
2031
1937
1956
1998
2112
2287
2524
2779
3150
3403
3627
3791
3815
3903
3901
3872
3794
3642
3474
3333
3008
2675
2414
2241
2125
2011
1978
2030
2138
2313
2561
2867
3133
3436
3634
3782
3864
3995
4000
4013
3963
3806
3636
3451
3077
2710
2449
2278
2114
2049
2043
2043
2197
2342
2523
2754
2980
3203
3362
3519
3624
3692
3698
3705
3652
3460
3248
3105
1828
1806
1897
1750
1679
1620
1463
1342
1192
1108
1058
1024
1031
1091
1208
1337
1435
1515
1593
1667
1753
1768
1823
1813
1842
1838
1800
1761
1670
1609
1467
1309
1189
1102
1054
1017
1014
1063
1187
1314
1424
1497
1586
1659
1722
1781
1805
1831
1851
1831
1809
1755
1685
1618
1487
1311
1180
1087
1033
1002
991
1005
1071
1191
1307
1407
1495
1576
1635
1688
1711
1741
1768
1765
1738
1684
1605
1553
1433
1297
1177
1082
1028
987
970
959
993
1083
1215
1310
1415
1479
1525
1599
1623
1652
1671
1664
1637
1574
1511
1453
1342
1264
1154
1078
1021
999
984
961
1000
1087
1194
1284
1357
1415
1468
1511
1539
1570
1549
1560
1562
1531
1455
1418
1303
1159
1068
1009
968
956
972
1011
1123
1225
1307
1400
1470
1526
1596
1663
1695
1725
1736
1726
1731
1669
1598
1526
1390
1225
1124
1026
985
979
1000
1050
1158
1262
1355
1429
1509
1574
1643
1687
1725
1730
1732
1723
1676
1614
1588
1521
1394
1232
1136
1061
1015
995
1005
1058
1224
1351
1438
1546
1654
1719
1769
1756
1788
1816
1818
1802
1773
1712
1618
1561
1407
1246
1118
1058
1008
977
994
1047
1152
1259
1351
1439
1522
1626
1702
1771
1860
1883
1902
1886
1839
1778
1696
1628
1487
1334
1214
1148
1099
1082
1096
1136
1235
1340
1436
1514
1568
1613
1621
1638
1676
1693
1730
1701
1639
1556
1523
1486
1389
1270
1127
1055
1002
1008
1015
1019
1023
1062
1129
1188
1170
1203
1199
1186
1179
1204
1221
1251
1218
1163
1165
1162
1107
1017
943
888
851
834
849
842
862
925
1019
1081
1144
1190
1231
1274
1306
1317
1334
1357
1350
1318
1308
1272
1163
1036
939
883
873
870
911
963
1062
1169
1230
1282
1328
1385
1428
1405
1407
1403
1419
1428
1397
1349
1330
1291
1181
1063
965
913
883
871
896
953
1057
1165
1226
1302
1328
1335
1378
1410
1425
1457
1477
1476
1497
1442
1377
1288
1170
1027
932
877
855
862
902
949
1056
1172
1257
1314
1372
1426
1476
1515
1530
1511
1546
1551
1524
1457
1403
1349
1237
1107
1026
963
930
908
929
983
1075
1168
1228
1271
1314
1336
1339
1370
1379
1380
1403
1416
1396
1333
1297
1267
1159
1050
957
907
887
862
886
942
1032
1134
1205
1256
1292
1306
1336
1391
1412
1445
1460
1459
1437
1396
1346
1306
1191
1081
999
931
902
879
889
883
919
1006
1090
1181
1245
1308
1351
1396
1433
1463
1502
1525
1510
1462
1398
1408
1255
1106
1004
954
888
870
881
867
905
995
1096
1198
1285
1354
1436
1489
1544
1585
1630
1629
1638
1612
1550
1482
1343
1188
1078
1018
965
960
987
1045
1158
1288
1383
1477
1558
1637
1687
1728
1753
1765
1784
1770
1747
1661
1581
1507
1376
1222
1103
1032
988
957
972
1014
1129
1241
1325
1395
1447
1489
1530
1570
1603
1620
1635
1618
1570
1501
1432
1383
1244
1113
1015
976
927
918
932
980
1075
1160
1226
1285
1317
1364
1387
1424
1439
1456
1496
1488
1467
1418
1366
1321
1192
1072
983
936
906
884
913
967
1059
1164
1229
1280
1327
1354
1387
1437
1466
1487
1516
1496
1479
1420
1360
1326
1197
1083
958
908
873
864
884
930
1023
1110
1197
1247
1287
1317
1352
1377
1419
1474
1478
1474
1447
1374
1317
1283
1202
1085
1001
945
909
885
889
894
927
993
1071
1136
1199
1220
1235
1229
1232
1233
1228
1209
1168
1137
1137
1158
1059
985
919
863
843
827
833
825
850
917
992
1052
1087
1104
1122
1117
1089
1141
1158
1136
1131
1154
1154
1151
1054
959
899
866
849
839
872
949
1026
1121
1172
1220
1241
1268
1297
1230
1219
1217
1231
1260
1240
1218
1226
1187
1083
987
912
874
854
845
879
944
1026
1111
1159
1214
1234
1279
1304
1327
1345
1341
1338
1351
1342
1322
1312
1256
1142
1018
934
884
856
850
875
927
1040
1124
1198
1230
1291
1341
1398
1451
1505
1517
1570
1581
1570
1518
6454
6324
6075
5949
5858
5579
5163
4790
4478
4227
4016
3879
3821
3823
3960
4169
4377
4597
4864
5183
5440
5707
5937
6089
6097
6018
5783
5655
5581
5320
4909
4509
4189
3964
3794
3680
3682
3693
3851
4108
4376
4675
4995
5310
5541
5810
6066
6282
6411
6396
6194
5962
5810
5525
5123
4767
4450
4205
4020
3891
3845
3855
3820
3851
3959
4121
4305
4493
4672
4846
5008
5050
5187
5353
5287
5123
5068
4886
4567
4272
4008
3804
3623
3495
3414
3343
3377
3629
3975
4347
4678
4922
5132
5270
5437
5552
5684
5663
5463
5236
5050
4804
4573
4291
4044
3833
3690
3574
3501
3440
3405
3548
3829
4191
4539
4837
5065
5257
5330
5355
5353
5337
5211
5006
4910
4663
4324
3992
3749
3592
3474
3431
3452
3509
3613
3763
4019
4271
4578
4856
5107
5386
5648
5875
6006
6056
5884
5630
5448
5125
4704
4304
4017
3804
3644
3527
3517
3557
3750
4026
4276
4524
4835
5110
5381
5655
5905
6075
6154
6163
6014
5809
5615
5269
4833
4376
4007
3765
3561
3451
3436
3476
3616
3880
4152
4431
4736
5007
5206
5452
5703
5900
6041
6095
5920
5650
5436
5082
4580
4098
3747
3489
3280
3168
3157
3193
3312
3481
3659
3876
4092
4289
4489
4725
4950
5124
5246
5290
5144
4962
4842
4559
4161
3764
3485
3243
3081
3003
3003
3047
3183
3425
3659
3859
4123
4356
4541
4806
5057
5269
5401
5446
5291
5111
4995
4761
4411
4051
3784
3589
3434
3338
3288
3216
3238
3438
3739
4042
4396
4725
4933
5113
5273
5433
5551
5590
5471
5178
5000
4715
4339
3975
3667
3438
3264
3125
3035
2962
2983
3195
3472
3774
4120
4508
4872
5189
5428
5620
5741
5746
5600
5430
5275
4954
4555
4200
3917
3710
3554
3464
3496
3574
3727
3962
4202
4427
4740
5111
5428
5753
6049
6275
6389
6350
6144
5910
5722
5362
4937
4568
4222
4022
3849
3757
3751
3790
3872
3997
4238
4538
4876
5201
5482
5776
6056
6299
6389
6367
6217
5984
5804
5472
5017
4580
4275
4030
3838
3745
3715
3740
3868
4090
4354
4581
4860
5116
5322
5616
5864
6091
6244
6278
6131
5918
5766
5454
5034
4599
4248
3982
3775
3655
3633
3669
3813
4089
4355
4603
4932
5216
5472
5760
6003
6228
6371
6400
6239
6013
5857
5511
5041
4681
4361
4102
3897
3761
3741
3774
3893
4075
4326
4588
4871
5145
5308
5517
5687
5843
5970
5842
5537
5410
5303
5010
4604
4225
3947
3733
3569
3462
3418
3391
3378
3588
3812
4069
4384
4658
4868
5094
5285
5256
4950
4687
4493
4396
4358
4164
3879
3628
3409
3239
3137
3037
3042
3005
2984
3162
3408
3655
3940
4212
4451
4672
4884
5064
5235
5277
5143
5035
4984
4744
4406
4056
3789
3582
3460
3384
3432
3537
3682
3850
4065
4324
4662
4916
5108
5314
5526
5718
5819
5846
5718
5541
5427
5122
4681
4270
3966
3750
3587
3485
3493
3556
3712
3992
4232
4507
4824
5145
5402
5666
5903
6058
6162
6185
6039
5811
5624
5292
4855
4453
4133
3857
3677
3531
3499
3541
3649
3868
4105
4315
4582
4849
5078
5327
5582
5810
5978
6035
5913
5718
5557
5261
4824
4390
4012
3765
3549
3418
3392
3441
3561
3787
4020
4273
4558
4801
5006
5275
5522
5764
5907
5980
5855
5680
5563
5291
4918
4513
4226
4009
3822
3736
3747
3834
3897
4051
4218
4466
4711
4946
5158
5380
5638
5852
6051
6053
5891
5657
5450
5145
4760
4377
4054
3779
3583
3449
3370
3327
3302
3469
3816
4171
4566
4925
5250
5576
5815
5998
6109
6126
5979
5674
5415
5040
4642
4265
3945
3678
3468
3327
3265
3212
3185
3355
3626
3921
4287
4656
5029
5390
5668
5906
6086
6139
6001
5737
5554
5218
4765
4358
4074
3869
3695
3576
3547
3612
3737
4022
4287
4553
4847
5136
5372
5689
5966
6184
6328
6369
6212
5995
5817
5467
5003
4617
4323
4066
3898
3794
3794
3870
3977
4140
4330
4558
4886
5156
5391
5684
5973
6230
6388
6315
6125
6029
5937
5646
5210
4787
4446
4178
3979
3876
3858
3931
4035
4179
4307
4460
4635
4831
4997
5167
5333
5563
5739
5760
5562
5481
4263
4297
4236
4080
3883
3672
3248
2841
2513
2275
2104
1988
1958
2006
2076
2209
2372
2599
2880
3127
3297
3506
3667
3752
3842
3851
3728
3578
3421
3252
2910
2559
2293
2104
1974
1893
1896
1970
2053
2209
2342
2525
2745
2939
3111
3313
3490
3613
3679
3584
3324
3108
2946
2767
2495
2235
2052
1891
1781
1717
1701
1732
1749
1817
1923
2063
2127
2279
2470
2734
3030
3297
3520
3616
3543
3372
3131
2925
2632
2325
2110
1917
1781
1704
1652
1634
1603
1677
1791
1961
2196
2467
2784
3081
3344
3538
3617
3588
3495
3235
2939
2668
2438
2221
2009
1828
1711
1631
1591
1559
1533
1588
1680
1811
1945
2114
2299
2498
2715
2914
3091
3134
3041
2829
2603
2467
2209
1959
1786
1657
1590
1551
1577
1623
1711
1827
1930
2033
2163
2307
2459
2669
2875
3071
3256
3330
3254
3037
2798
2599
2303
2030
1851
1721
1640
1607
1620
1689
1761
1879
1977
2089
2201
2318
2442
2584
2784
2973
3110
3149
3011
2780
2584
2421
2183
1937
1779
1655
1599
1578
1584
1650
1715
1805
1902
1972
2099
2193
2293
2435
2571
2702
2755
2749
2585
2376
2243
2164
1996
1796
1670
1584
1526
1503
1532
1599
1680
1769
1830
1914
1973
2009
2052
2086
2158
2218
2258
2251
2158
2063
2079
2049
1901
1743
1641
1560
1503
1494
1524
1587
1678
1776
1829
1901
1979
2034
2104
2191
2252
2324
2393
2416
2364
2275
2214
2168
2008
1830
1705
1589
1522
1485
1486
1495
1491
1558
1625
1768
1882
1962
2066
2207
2345
2478
2593
2619
2546
2398
2281
2213
2032
1844
1699
1597
1522
1482
1467
1467
1455
1491
1569
1661
1762
1862
1965
2108
2287
2445
2571
2636
2610
2512
2414
2324
2088
1865
1706
1585
1536
1505
1532
1604
1689
1814
1918
2040
2180
2341
2510
2724
2926
3104
3261
3253
3139
2960
2790
2611
2317
2035
1841
1720
1636
1583
1606
1667
1742
1849
1946
2074
2200
2352
2526
2728
2930
3114
3237
3266
3140
2923
2682
2491
2198
1931
1777
1649
1585
1532
1564
1634
1716
1821
1928
2059
2196
2350
2551
2787
3044
3260
3467
3554
3517
3351
3120
2897
2539
2215
1978
1818
1713
1665
1665
1730
1797
1923
2036
2198
2374
2593
2842
3112
3380
3577
3700
3720
3578
3364
3119
2881
2540
2207
1970
1803
1707
1646
1636
1703
1762
1875
2013
2141
2313
2504
2738
3031
3309
3537
3661
3714
3577
3353
3095
2843
2489
2190
1967
1791
1680
1608
1581
1585
1566
1625
1709
1857
1989
2108
2264
2449
2643
2867
3026
3114
3073
2904
2679
2489
2241
2015
1862
1714
1625
1560
1544
1533
1524
1587
1711
1886
2089
2316
2577
2819
3042
3240
3383
3451
3374
3252
3145
2996
2679
2367
2135
1955
1840
1787
1797
1880
1972
2150
2334
2592
2868
3184
3482
3715
3908
4055
4141
4133
3972
3742
3495
3265
2876
2509
2263
2065
1916
1844
1828
1896
1961
2064
2139
2277
2454
2680
2948
3191
3430
3636
3767
3745
3531
3227
2946
2721
2390
2101
1925
1784
1692
1649
1658
1740
1803
1920
2014
2124
2235
2368
2507
2657
2799
2927
3001
2956
2807
2564
2421
2311
2086
1864
1716
1620
1565
1522
1550
1624
1701
1794
1874
1859
2064
2148
2266
2378
2505
2601
2700
2773
2720
2576
2430
2325
2092
1885
1736
1617
1565
1522
1554
1621
1678
1779
1868
1971
2082
2188
2337
2489
2656
2818
2964
3010
2937
2745
2581
2425
2177
1928
1778
1647
1574
1514
1515
1529
1515
1581
1666
1796
1922
2052
2204
2380
2559
2713
2843
2903
2840
2657
2490
2338
2107
1899
1732
1614
1537
1487
1470
1478
1453
1511
1592
1710
1855
1982
2161
2348
2577
2771
2923
3021
2973
2806
2620
2464
2186
1937
1761
1655
1584
1552
1568
1647
1738
1878
2000
2140
2301
2483
2699
2933
3171
3387
3519
3568
3501
3290
3109
2862
2488
2166
1956
1804
1699
1640
1652
1729
1817
1947
2069
2242
2448
2683
2954
3275
3567
3787
3951
4032
3965
3805
3563
3277
2845
2454
2168
1981
1857
1783
1777
1849
1922
2064
2219
2438
2701
3010
3346
3703
3997
4205
4303
4373
4270
4082
5780
5497
5306
5178
5235
5382
5723
6115
6435
6718
6936
7094
7260
7418
7477
7619
7674
7730
7601
7438
7270
7141
6733
6245
5742
5457
5242
5105
5062
5037
5198
5493
5982
6276
6499
6770
6886
7055
7156
7142
7359
7381
7311
7151
6918
6843
6553
6064
5669
5401
5147
5045
5010
4960
5107
5389
5800
6089
6388
6581
6699
6795
6878
6926
6946
7002
6951
6818
6620
6427
6161
5980
5595
5293
5116
5005
4964
4898
4989
5281
5681
6002
6273
6472
6679
6829
6909
7029
7089
7179
7160
7048
6837
6730
6302
5663
5340
5073
4980
4942
4985
5145
5502
5896
6208
6436
6655
6842
7008
7147
7257
7299
7352
7356
7292
7095
6972
6796
6454
5955
5551
5274
5133
5080
5075
5269
5649
5928
6163
6352
6527
6671
6797
6913
7118
7246
7290
7341
7283
7162
7020
6878
6493
5932
5568
5371
5255
5168
5233
5360
