8720.0
7790.0
4770.0
5060.0
4720.0
4450.0
5120.0
5960.0
6560.0
4900.0
4520.0
7370.0
9050.0
7780.0
5380.0
4700.0
4490.0
4010.0
2090.0
2180.0
1760.0
2290.0
1500.0
1370.0
1810.0
1450.0
1370.0
1380.0
1710.0
2140.0
1870.0
1670.0
1800.0
1800.0
1790.0
1600.0
13314.0
13659.0
13839.0
13693.0
13701.0
13881.0
13862.0
13774.0
13677.0
13944.0
14023.0
13793.0
13752.0
13818.0
13901.0
14057.0
14037.0
14158.0
6505.0
6559.0
6526.0
6499.0
6495.0
6450.0
6458.0
6434.0
6445.0
6382.0
6390.0
6390.0
6353.0
6337.0
6280.0
6284.0
6397.0
6433.0
4390.0
4470.0
4350.0
4420.0
4480.0
4440.0
4340.0
4280.0
4210.0
4280.0
4350.0
4290.0
4320.0
4370.0
4390.0
4480.0
4390.0
4380.0
11500.0
11300.0
11200.0
11000.0
10900.0
10900.0
10700.0
10400.0
10200.0
10100.0
10100.0
10200.0
10100.0
10000.0
10000.0
10100.0
10000.0
10100.0
1138.0
1143.0
1092.0
1100.0
1092.0
1067.0
1009.0
966.0
930.0
929.0
942.0
930.0
941.0
947.0
949.0
973.0
956.0
944.0
1410.0
1436.0
1371.0
1373.0
1394.0
1349.0
1290.0
1228.0
1194.0
1192.0
1217.0
1187.0
1197.0
1196.0
1211.0
1257.0
1223.0
1226.0
5380.0
5480.0
5330.0
5350.0
5170.0
5110.0
4940.0
4990.0
4910.0
4660.0
4860.0
5070.0
5140.0
5130.0
5080.0
5100.0
5050.0
4860.0
6560.0
6490.0
6390.0
6340.0
6210.0
6070.0
5890.0
5720.0
5630.0
5530.0
5370.0
5330.0
5260.0
5310.0
5280.0
5350.0
5450.0
5450.0
11569.0
11727.0
12532.0
12876.0
12957.0
12912.0
12630.0
12887.0
12972.0
12976.0
12937.0
12597.0
11712.0
11898.0
12703.0
13005.0
13095.0
13025.0
2771.0
2766.0
2758.0
2750.0
2755.0
2785.0
2748.0
2752.0
2758.0
2768.0
2781.0
2805.0
2805.0
2805.0
2805.0
2793.0
2794.0
2824.0
2177.9
2173.6
2164.6
2156.9
2156.3
2163.2
2152.6
2150.4
2153.9
2165.9
2173.9
2195.9
2198.9
2195.6
2194.3
2183.6
2182.0
2186.4
4771.0
4809.0
5140.0
5280.0
5294.0
5231.0
5022.0
5234.0
5269.0
5275.0
5120.0
4868.0
4780.0
4813.0
5165.0
5273.0
5293.0
5223.0
2691.3
2685.6
2672.3
2670.4
2666.1
2662.6
2657.2
2657.8
2667.9
2672.0
2675.6
2691.5
2688.0
2686.0
2673.0
2665.0
2664.7
2655.9
13218.0
13369.0
14038.0
14375.0
14462.0
14390.0
14151.0
14362.0
14455.0
14452.0
14555.0
14352.0
13339.0
13507.0
14182.0
14503.0
14611.0
14518.0
6661.9
6859.3
7703.6
8071.5
8165.7
8123.6
7922.1
8110.1
8173.3
8146.9
8165.5
7763.7
6696.4
6907.5
7766.7
8111.0
8193.0
8166.8
6556.5
6509.4
6334.4
6303.9
6296.6
6265.9
6228.6
6251.7
6281.5
6305.3
6389.7
6588.2
6642.3
6599.7
6415.1
6392.3
6417.7
6351.6
4430.0
4080.0
6290.0
4010.0
3260.0
2740.0
2220.0
3000.0
2590.0
2860.0
2780.0
3780.0
4680.0
4170.0
6520.0
4540.0
3190.0
2870.0
3400.0
3700.0
4200.0
3700.0
4500.0
3600.0
3700.0
7100.0
3100.0
3400.0
3400.0
3000.0
3200.0
3200.0
4000.0
4100.0
3400.0
3300.0
2470.0
1980.0
2530.0
1530.0
1440.0
1080.0
1290.0
1460.0
1160.0
1310.0
1390.0
1960.0
2870.0
2110.0
2560.0
1920.0
1410.0
1120.0
1640.0
1350.0
1600.0
1450.0
1110.0
780.0
1160.0
1180.0
530.0
650.0
670.0
1320.0
1420.0
1160.0
2020.0
1550.0
1050.0
910.0
11000.0
8400.0
6600.0
6500.0
5500.0
4300.0
6600.0
6700.0
4500.0
4400.0
4400.0
6900.0
12500.0
7300.0
6300.0
5700.0
4700.0
3700.0
12016.0
12048.0
12094.0
12107.0
12189.0
12248.0
12287.0
12335.0
12269.0
12267.0
12388.0
12450.0
12507.0
12559.0
12567.0
12608.0
12664.0
12643.0
6561.8
6588.0
6620.8
6632.6
6696.3
6739.7
6771.4
6746.1
6699.2
6700.3
6793.7
6839.5
6882.4
6920.3
6924.3
6956.3
6997.9
6982.4
17994.58
18053.68
18162.93
18270.05
18323.84
18394.61
18489.19
18537.03
18595.92
18683.17
18734.69
18842.29
18970.81
19081.92
19236.47
19363.75
19407.04
19483.53
3426.376
3395.34
3401.163
3403.495
3373.162
3368.717
3392.545
3341.037
3262.947
3252.038
3247.701
3281.02
3319.068
3318.217
3352.385
3383.993
3371.965
3396.286
2479.88
2288.06
2303.05
2303.18
2384.32
2226.72
2171.43
1962.83
2085.92
2313.22
2327.68
2293.64
2417.86
2086.15
2322.98
2318.52
2261.54
2171.57
9621.7
9513.6
9169.3
9424.3
11410.1
10618.0
10122.3
8212.1
8048.7
8952.3
8667.1
8518.3
8822.7
9156.9
9393.9
9559.9
12698.0
12119.3
2588.6
2616.2
2329.1
2290.7
2603.5
2331.5
2450.6
2243.5
2363.3
2978.6
2763.8
2413.0
2506.6
2815.5
2266.7
2730.5
2674.7
2262.5
5227.7
5273.8
5438.7
4670.2
5212.2
4944.1
4760.3
4701.5
4976.3
5381.3
4687.1
5225.6
5170.6
5177.0
5471.2
5584.5
5780.7
5441.3
3726.2
3679.7
3710.9
3594.0
3515.0
3350.3
3393.2
3187.5
3086.0
3483.6
2961.8
3667.8
3689.7
3519.3
3499.0
3653.1
3834.4
3414.9
20448.7
21074.3
19536.7
19486.1
21163.6
18869.0
18516.8
18065.8
18226.3
19338.8
19385.1
19040.6
19556.3
18303.7
20282.6
19845.8
20211.4
19592.5
5304.4
4556.8
4429.7
4699.0
5338.7
4526.5
4317.4
3919.9
4187.1
5269.1
5027.7
4244.4
5016.8
4554.3
4664.5
5242.1
4605.1
4350.4
2734.32
2470.8
2480.54
2528.35
2360.07
2290.81
2359.97
2216.43
2181.85
2324.98
2251.25
2303.22
2425.36
2156.88
2418.64
2366.61
2390.84
2439.55
4280.8
4276.9
3878.6
3488.8
4452.5
4390.4
3986.6
3295.0
3867.5
4320.9
4280.8
3426.2
4207.6
3929.8
4247.9
3518.0
4404.5
3675.5
10522.3
10973.1
10548.8
9892.0
10820.7
10663.6
11316.3
9583.3
10318.3
12093.1
10907.5
9891.3
11048.4
11266.5
11444.6
10407.6
11709.7
11336.3
6218.1
6321.8
6186.5
5577.6
5791.6
5694.5
5385.5
5911.9
5539.4
6438.8
6245.3
6196.9
6205.4
5902.3
6019.4
5084.4
5108.1
5813.3
2692.06
2478.42
2469.57
2533.03
2767.2
2405.02
2315.4
2240.07
2319.18
2474.41
2509.84
2484.25
2490.66
2302.59
2555.72
2508.91
2640.54
2538.55
5512.3
4662.1
4553.0
5847.0
4801.4
4398.5
4118.2
3649.1
4461.7
4861.0
4426.4
4520.0
4943.5
4155.2
4445.7
4337.4
5109.0
4644.9
6997.0
7379.0
7145.0
6136.0
5413.0
5197.0
4875.0
4519.0
4794.0
5128.0
5461.0
5582.0
7181.0
7177.0
7280.0
6273.0
5875.0
5532.0
7087.3
6967.6
6746.9
6691.4
6462.1
6744.8
6907.5
6798.8
7133.5
7205.6
7084.7
6698.4
7187.9
6743.5
6923.4
6856.0
7012.6
7160.6
7350.0
7270.0
7730.0
8570.0
7770.0
7220.0
6890.0
6280.0
6090.0
6070.0
6460.0
6560.0
6880.0
6580.0
6830.0
7590.0
7050.0
6960.0
1507.0
1496.0
1570.0
1541.0
1705.0
1492.0
1845.0
1664.0
1567.0
1548.0
1495.0
1446.0
1349.0
1370.0
1522.0
1379.0
1275.0
1247.0
1142.0
1166.0
1129.0
1175.0
1286.0
1201.0
1188.0
1162.0
1077.0
1130.0
1136.0
1153.0
1144.0
1152.0
1225.0
1260.0
1212.0
1210.0
3000.0
3000.0
3800.0
3500.0
2900.0
3500.0
3500.0
3300.0
3400.0
3200.0
2800.0
2900.0
2900.0
3300.0
3600.0
3000.0
3700.0
3800.0
4180.0
4260.0
3830.0
4150.0
5220.0
4280.0
4260.0
3960.0
3180.0
3570.0
3770.0
3860.0
4040.0
3830.0
4470.0
4560.0
3950.0
3550.0
1032.0
984.0
983.0
993.0
910.0
975.0
748.0
845.0
977.0
997.0
1077.0
1144.0
951.0
1084.0
1077.0
1007.0
913.0
900.0
1147.0
1132.0
1189.0
1073.0
1171.0
1160.0
1128.0
1213.0
1113.0
1155.0
1128.0
1195.0
1218.0
1164.0
1052.0
1320.0
1102.0
1226.0
1072.0
992.0
1116.0
909.0
899.0
781.0
743.0
841.0
907.0
1062.0
1050.0
1116.0
1152.0
1028.0
950.0
1145.0
838.0
831.0
863.0
921.0
926.0
895.0
809.0
956.0
725.0
712.0
788.0
738.0
835.0
979.0
934.0
980.0
902.0
967.0
1007.0
1055.0
3293.0
3419.0
3488.0
3678.0
3669.0
3768.0
3581.0
3656.0
3494.0
3677.0
3800.0
3500.0
3643.0
3550.0
3647.0
3706.0
3547.0
3599.0
2160.0
2190.0
2200.0
2270.0
2280.0
2320.0
2350.0
2350.0
2360.0
2400.0
2390.0
2380.0
2430.0
2360.0
2420.0
2460.0
2480.0
2530.0
4720.0
4980.0
5050.0
4570.0
4780.0
5080.0
5380.0
5260.0
5250.0
5370.0
5700.0
5660.0
5580.0
6220.0
5590.0
5710.0
5630.0
5920.0
2892.0
2960.0
3002.0
3076.0
2987.0
3170.0
2990.0
2911.0
3113.0
3114.0
3213.0
2960.0
3216.0
2950.0
3024.0
3198.0
3027.0
3054.0
6880.0
6930.0
7370.0
6820.0
6050.0
6980.0
6720.0
6780.0
6750.0
6370.0
6700.0
6400.0
6550.0
6090.0
5890.0
6490.0
6490.0
6850.0
7410.0
6270.0
6850.0
6180.0
6380.0
5650.0
6520.0
7610.0
6970.0
6890.0
6390.0
5630.0
6210.0
6230.0
6190.0
6150.0
6030.0
6820.0
3140.0
3150.0
4670.0
4120.0
4150.0
3640.0
3270.0
3300.0
3360.0
3510.0
3140.0
3080.0
2970.0
3770.0
3560.0
4580.0
4950.0
5000.0
6480.0
6670.0
5050.0
5690.0
5760.0
6180.0
6370.0
6700.0
6450.0
6190.0
6570.0
6640.0
6630.0
6040.0
6240.0
5140.0
4950.0
4910.0
6300.0
5870.0
6710.0
7500.0
7540.0
7250.0
6380.0
6870.0
6360.0
6620.0
6940.0
7610.0
6360.0
6380.0
6830.0
6460.0
7460.0
7420.0
1820.0
2580.0
2170.0
2090.0
2120.0
3200.0
2480.0
4650.0
4040.0
3020.0
2860.0
2860.0
3510.0
2140.0
2640.0
2450.0
2350.0
3700.0
5090.0
4540.0
4340.0
4000.0
3940.0
3000.0
4550.0
3660.0
3650.0
4690.0
5000.0
3520.0
3920.0
5270.0
4150.0
4450.0
3830.0
3870.0
4820.0
4120.0
3680.0
3820.0
3330.0
2800.0
3070.0
3860.0
3080.0
4380.0
4590.0
3630.0
4120.0
4640.0
4430.0
4000.0
2350.0
3360.0
7570.0
7880.0
7750.0
7500.0
8150.0
7830.0
7180.0
7830.0
7810.0
7480.0
6940.0
7080.0
8380.0
8560.0
7570.0
8260.0
8200.0
7840.0
3520.0
3140.0
2750.0
2720.0
3640.0
3270.0
3600.0
3690.0
3020.0
3740.0
2820.0
2410.0
3600.0
3330.0
2930.0
3580.0
4950.0
4670.0
5330.0
4950.0
5690.0
6410.0
5170.0
5730.0
4860.0
5230.0
5850.0
4950.0
5530.0
6670.0
5800.0
5520.0
5660.0
5000.0
4490.0
4860.0
4190.0
3700.0
3670.0
3880.0
4750.0
4770.0
4340.0
4820.0
4170.0
4800.0
4290.0
3240.0
4610.0
4190.0
3730.0
4630.0
5470.0
6200.0
4860.0
4540.0
4860.0
5150.0
4150.0
4310.0
4250.0
4200.0
4810.0
3980.0
4000.0
5460.0
4410.0
4860.0
5100.0
3610.0
3870.0
3330.0
6040.0
5400.0
5130.0
5560.0
5250.0
4910.0
5950.0
5470.0
5350.0
4850.0
5730.0
5610.0
5590.0
6220.0
5830.0
5220.0
5460.0
6400.0
4630.0
2530.0
3700.0
3950.0
4060.0
3770.0
3620.0
3880.0
5150.0
4860.0
5420.0
5350.0
4240.0
3770.0
3490.0
4460.0
4920.0
3790.0
5000.0
4930.0
4930.0
5660.0
5220.0
4780.0
4930.0
5070.0
5300.0
4730.0
4310.0
3940.0
5300.0
5070.0
5080.0
4920.0
6030.0
6820.0
2590.0
2020.0
2480.0
2310.0
2500.0
1900.0
2370.0
1860.0
3160.0
3590.0
2160.0
2120.0
2160.0
2730.0
2500.0
2610.0
2520.0
1800.0
4640.0
4560.0
4600.0
4260.0
4520.0
4220.0
4490.0
4660.0
4560.0
4270.0
4860.0
4780.0
4680.0
5090.0
4810.0
4170.0
4590.0
6130.0
7790.0
7310.0
7480.0
8240.0
7370.0
7250.0
6700.0
7390.0
7410.0
7110.0
7310.0
7040.0
7450.0
6980.0
8040.0
7130.0
7290.0
7660.0
6610.0
6490.0
7020.0
6850.0
6970.0
6550.0
6170.0
6320.0
6990.0
6700.0
6940.0
5960.0
7210.0
6450.0
6760.0
6750.0
7390.0
7570.0
6850.0
5730.0
5890.0
6320.0
5800.0
6090.0
6810.0
7010.0
6970.0
7030.0
7360.0
6900.0
5760.0
5800.0
6190.0
7540.0
6190.0
5760.0
5740.0
6000.0
5620.0
5390.0
5800.0
6230.0
6090.0
5970.0
6060.0
6620.0
6530.0
6760.0
6520.0
5940.0
5710.0
6310.0
4440.0
5610.0
4290.0
4070.0
3490.0
4080.0
4960.0
4260.0
4250.0
5050.0
4020.0
4950.0
4100.0
3430.0
4220.0
3710.0
3790.0
3930.0
5380.0
6320.0
4570.0
4070.0
4860.0
5150.0
3760.0
4720.0
4250.0
3600.0
4860.0
3740.0
4190.0
5090.0
4800.0
5050.0
4760.0
4300.0
3850.0
3020.0
4630.0
2800.0
4520.0
4740.0
4060.0
3620.0
3910.0
4480.0
5300.0
4730.0
4720.0
4930.0
3790.0
3910.0
3650.0
4920.0
3970.0
4700.0
1700.0
2280.0
2190.0
2870.0
2500.0
2520.0
1970.0
2740.0
3680.0
3590.0
2070.0
2370.0
1980.0
3090.0
3330.0
2300.0
1890.0
1980.0
5270.0
5000.0
5260.0
4720.0
4920.0
4700.0
5040.0
4270.0
4390.0
4270.0
5140.0
4910.0
5140.0
4730.0
5000.0
5400.0
5500.0
5680.0
2940.0
3360.0
3170.0
3570.0
3860.0
3220.0
3640.0
3580.0
4210.0
3560.0
3810.0
3170.0
3090.0
3110.0
3010.0
3270.0
4210.0
4080.0
5080.0
4560.0
5160.0
4730.0
4690.0
5270.0
4640.0
5000.0
4440.0
4660.0
4710.0
5030.0
5110.0
4660.0
4760.0
5380.0
4440.0
4200.0
5310.0
5380.0
5730.0
5640.0
5070.0
5470.0
5820.0
5410.0
5150.0
5630.0
5030.0
5530.0
5460.0
5000.0
5280.0
4630.0
5960.0
5510.0
8861.8064
9279.0393
9569.9034
10099.1322
9860.5906
8731.1778
8952.5077
8494.2542
9026.8214
8632.4699
8194.3076
9415.663
9157.8404
9637.978
9985.5011
10439.0489
10182.6575
9044.557
8250.0
8410.0
8640.0
8740.0
8640.0
8300.0
8500.0
8240.0
8290.0
8020.0
7880.0
8360.0
8200.0
8380.0
8660.0
8680.0
8460.0
8330.0
8490.0
8560.0
8740.0
8810.0
8660.0
8380.0
8640.0
8420.0
8400.0
8060.0
8080.0
8530.0
8410.0
8590.0
8760.0
8720.0
8470.0
8420.0
1156.485
1227.312
1279.486
1211.041
1249.083
1119.467
1082.287
1061.911
1015.092
1057.552
1012.408
1058.682
1073.482
1139.086
1192.652
1146.1
1184.091
1123.935
11862.47
11841.12
12328.02
11651.29
12097.71
11018.11
10490.14
11308.57
10873.46
11026.32
11009.86
11486.69
11204.38
11158.21
11757.43
11159.5
11924.26
11219.56
1691.17
1636.12
1591.75
1566.24
1492.25
1458.21
1535.22
1598.21
1642.25
1612.81
1661.76
1729.26
1709.92
1689.94
1638.21
1616.69
1514.97
1500.47
7683.93
7673.15
7700.34
7863.37
7845.51
7836.54
7921.55
8021.68
8001.17
8011.79
8040.5
8027.0
8050.93
8157.71
8171.29
8193.68
8190.16
8192.4
2474.99
2340.7
2111.34
2034.88
1950.78
1836.88
1756.12
1588.54
1744.26
1893.03
2014.24
2103.14
1989.22
1931.59
1975.23
2013.54
1963.94
2001.61
2024.9
2043.5
2055.6
2062.6
2060.9
2052.0
2045.8
2049.5
2048.6
2049.8
2084.9
2127.4
2170.5
2200.5
2216.0
2213.4
2196.4
2185.5
1573.0
2125.0
2555.0
2629.0
2286.0
1953.0
1656.0
1589.0
1387.0
1233.0
1167.0
1359.0
1763.0
2209.0
2458.0
2496.0
2229.0
1984.0
1340.8
1356.8
1361.4
1356.6
1352.0
1350.3
1342.1
1325.6
1314.6
1319.1
1343.5
1368.3
1389.0
1404.2
1409.2
1409.4
1400.6
1387.1
2760.0
3298.0
3526.0
3438.0
2993.0
2643.0
2321.0
2109.0
1809.0
1698.0
1872.0
2389.0
3059.0
3644.0
3721.0
3315.0
2254.0
1353.0
2478.0
2491.8
2506.6
2512.1
2525.1
2532.0
2544.3
2537.1
2550.1
2574.4
2613.8
2636.1
2648.2
2658.3
2668.2
2681.1
2690.2
2693.6
4856.0
4959.0
4902.0
4839.0
4528.0
4253.0
3845.0
3514.0
3121.0
3267.0
3892.0
4428.0
4739.0
4855.0
4895.0
4964.0
4657.0
4353.0
2211.2
2262.5
2247.3
2236.2
2246.4
2219.2
2219.0
2222.2
2218.0
2203.8
2231.2
2275.2
2299.2
2312.5
2327.1
2332.6
2321.6
2331.9
2324.2
2313.8
2329.5
2350.0
2365.2
2359.9
2350.0
2363.0
2375.6
2399.6
2450.1
2469.4
2468.3
2437.1
2423.1
2415.1
2441.0
2442.1
15920.0
15950.0
15190.0
15680.0
14530.0
14050.0
13590.0
13050.0
10530.0
9300.0
10120.0
12480.0
14380.0
14650.0
14710.0
14680.0
14110.0
13800.0
3250.0
2980.0
2688.0
2631.0
2549.0
2550.0
2379.0
2273.0
2231.0
2222.0
2209.0
2200.0
2174.0
2154.0
2342.0
2250.0
2415.0
2512.0
1813.0
1813.0
1751.0
1751.0
1751.0
1751.0
1751.0
1767.0
1765.0
1737.0
1737.0
1737.0
1737.0
1737.0
1737.0
1737.0
1737.0
1737.0
2592.0
2585.0
2597.0
2573.0
2576.0
2573.0
2599.0
2605.0
2605.0
2661.0
2663.0
2653.0
2652.0
2654.0
2668.0
2631.0
2634.0
2639.0
1230.0
1228.0
1243.0
1230.0
1232.0
1232.0
1246.0
1247.0
1247.0
1297.0
1297.0
1278.0
1278.0
1282.0
1300.0
1262.0
1262.0
1264.0
2161.0
2161.0
2162.0
2162.0
2161.0
2172.0
2278.0
2286.0
2286.0
2289.0
2290.0
2320.0
2325.0
2335.0
2337.0
2343.0
2344.0
2347.0
2311.0
2309.0
2309.0
2306.0
2303.0
2336.0
2534.0
2534.0
2534.0
2525.0
2525.0
2553.0
2562.0
2606.0
2604.0
2602.0
2606.0
2606.0
9240.0
9240.0
9240.0
9240.0
9240.0
9240.0
9370.0
9370.0
9370.0
9370.0
9370.0
9370.0
9600.0
9600.0
9490.0
9490.0
9600.0
9600.0
2189.0
2189.0
2189.0
2189.0
2179.0
2296.0
2303.0
2303.0
2303.0
2303.0
2303.0
2303.0
2303.0
2460.0
2460.0
2460.0
2460.0
2460.0
1532.0
1532.0
1532.0
1532.0
1532.0
1532.0
1654.0
1654.0
1654.0
1654.0
1654.0
1677.0
1677.0
1677.0
1677.0
1677.0
1677.0
1677.0
1566.0
1566.0
1566.0
1566.0
1566.0
1566.0
1688.0
1688.0
1691.0
1691.0
1703.0
1787.0
1787.0
1787.0
1787.0
1787.0
1787.0
1787.0
2217.0
2217.0
2217.0
2217.0
2217.0
2217.0
2324.0
2324.0
2324.0
2325.0
2337.0
2360.0
2360.0
2360.0
2360.0
2360.0
2360.0
2360.0
3094.0
3018.0
3048.0
2940.0
2887.0
2975.0
2912.0
2727.0
2696.0
2756.0
2702.0
2654.0
2464.0
2278.0
2202.0
2195.0
2229.0
2238.0
1727.0
1733.0
1733.0
1733.0
1733.0
1733.0
1741.0
1741.0
1743.0
1743.0
1743.0
1743.0
1744.0
1743.0
1743.0
1743.0
1743.0
1743.0
1823.0
1818.0
1829.0
1826.0
1827.0
1821.0
1836.0
1833.0
1828.0
1833.0
1832.0
1832.0
1832.0
1832.0
1832.0
1832.0
1832.0
1832.0
22960.0
23060.0
22920.0
22950.0
22940.0
22910.0
22940.0
23020.0
22880.0
22950.0
22940.0
23080.0
23130.0
23130.0
23600.0
23540.0
23610.0
23460.0
20980.0
20690.0
20210.0
19940.0
19670.0
19320.0
19160.0
18910.0
19020.0
19180.0
19520.0
19910.0
19910.0
19700.0
19810.0
19730.0
19640.0
19920.0
19640.0
19270.0
18970.0
18460.0
17930.0
17670.0
17700.0
17420.0
17560.0
17650.0
18130.0
18630.0
18760.0
18490.0
18510.0
18130.0
17980.0
18780.0
3330.0
3153.0
3114.0
2956.0
2809.0
2779.0
2797.0
2848.0
2983.0
3167.0
3313.0
3238.0
3263.0
3269.0
3187.0
3086.0
3188.0
3370.0
19010.0
18720.0
18420.0
17970.0
17490.0
17230.0
17250.0
16920.0
17000.0
16990.0
17410.0
17980.0
18120.0
17830.0
17890.0
17540.0
17330.0
18080.0
17890.0
17820.0
17070.0
16710.0
16440.0
16040.0
16650.0
16360.0
16190.0
15890.0
16270.0
16670.0
16080.0
15290.0
14890.0
14100.0
14470.0
15130.0
27150.0
17340.0
15680.0
16460.0
16030.0
16160.0
18740.0
21900.0
18570.0
17140.0
18350.0
20080.0
20550.0
16920.0
13970.0
13150.0
11310.0
10860.0
4790.0
4080.0
9670.0
12210.0
14270.0
25790.0
9470.0
6920.0
5030.0
10950.0
8530.0
6840.0
4830.0
3820.0
4810.0
4700.0
5410.0
11170.0
8980.0
9930.0
9150.0
9690.0
7900.0
7360.0
7350.0
8030.0
8340.0
8530.0
8850.0
10080.0
10110.0
8570.0
7560.0
6400.0
5830.0
7070.0
1358.0
1502.0
1384.0
1465.0
1194.0
1113.0
1112.0
1214.0
1262.0
1290.0
1338.0
1524.0
1529.0
1295.0
1143.0
968.0
882.0
1068.0
2238.0
2375.0
2464.0
2533.0
2422.0
2299.0
2208.0
2145.0
2146.0
2225.0
2174.0
2223.0
2232.0
2105.0
2294.0
2241.0
2284.0
2197.0
3989.0
5551.0
3828.0
2779.0
2817.0
1320.0
1439.0
1562.0
1357.0
782.0
811.0
438.0
606.0
366.0
491.0
390.0
423.0
768.0
6312.0
7276.0
5153.0
3603.0
3656.0
1193.0
1770.0
1627.0
1396.0
486.0
507.0
203.0
518.0
147.0
308.0
196.0
301.0
588.0
3118.0
2933.0
2896.0
2846.0
2782.0
2748.0
2652.0
3019.0
2804.0
2522.0
2409.0
2449.0
2557.0
2404.0
2401.0
2239.0
2503.0
2447.0
1224.0
1224.0
1221.0
1216.0
1205.0
1188.0
1174.0
1176.0
1174.0
1177.0
1179.0
1191.0
1193.0
1187.0
1180.0
1169.0
1171.0
1176.0
1205.0
1174.0
1147.0
1139.0
1113.0
1108.0
1108.0
1105.0
1103.0
1106.0
1146.0
1192.0
1135.0
1092.0
1078.0
1066.0
1077.0
1091.0
1049.0
1007.0
961.0
927.0
901.0
851.0
801.0
768.0
781.0
788.0
841.0
895.0
907.0
876.0
904.0
896.0
884.0
895.0
906.0
847.0
794.0
772.0
747.0
681.0
606.0
572.0
591.0
609.0
672.0
727.0
738.0
702.0
732.0
741.0
742.0
743.0
1056.0
1065.0
1056.0
1046.0
1047.0
1057.0
1085.0
1091.0
1089.0
1092.0
1086.0
1090.0
1097.0
1099.0
1110.0
1095.0
1098.0
1104.0
1088.0
1069.0
1068.0
1073.0
1084.0
1114.0
1160.0
1175.0
1170.0
1158.0
1168.0
1167.0
1145.0
1138.0
1133.0
1146.0
1160.0
1169.0
1121.0
1103.0
1109.0
1111.0
1111.0
1121.0
1138.0
1142.0
1136.0
1129.0
1136.0
1139.0
1131.0
1119.0
1113.0
1117.0
1125.0
1134.0
1817.0
1798.0
1784.0
1775.0
1762.0
1754.0
1749.0
1747.0
1751.0
1762.0
1779.0
1790.0
1783.0
1774.0
1772.0
1774.0
1781.0
1787.0
1788.0
1770.0
1747.0
1731.0
1717.0
1693.0
1672.0
1658.0
1664.0
1668.0
1691.0
1717.0
1722.0
1708.0
1719.0
1715.0
1712.0
1718.0
2176.0
2179.0
2169.0
2165.0
2183.0
2177.0
2166.0
2153.0
2149.0
2105.0
2054.0
2029.0
2028.0
2028.0
2014.0
2019.0
2085.0
2060.0
2770.0
2600.0
2109.0
2070.0
1927.0
1794.0
1686.0
1450.0
1634.0
1799.0
1973.0
2059.0
1956.0
1854.0
1994.0
1972.0
1866.0
1952.0
3724.0
3508.0
2971.0
2870.0
2812.0
2493.0
2246.0
1938.0
2249.0
2491.0
2559.0
2752.0
2636.0
2530.0
2591.0
2699.0
2497.0
2627.0
2547.0
2399.0
2031.0
1963.0
1923.0
1705.0
1536.0
1325.0
1538.0
1704.0
1750.0
1882.0
1803.0
1730.0
1772.0
1846.0
1708.0
1797.0
1813.0
1858.0
1791.0
1791.0
1905.0
1878.0
1887.0
1791.0
1892.0
1865.0
1824.0
1888.0
1890.0
1790.0
1705.0
1870.0
1913.0
1943.0
18740.0
18850.0
18840.0
18750.0
18800.0
18790.0
18730.0
18780.0
18800.0
18770.0
18590.0
18580.0
18620.0
18610.0
18620.0
18610.0
18630.0
18570.0
2458.0
2458.0
2458.0
2459.0
2464.0
2465.0
2467.0
2477.0
2478.0
2478.0
2478.0
2484.0
2485.0
2489.0
2490.0
2490.0
2492.0
2492.0
1106.0
1106.0
1106.0
1100.0
1126.0
1125.0
1130.0
1128.0
1123.0
1117.0
1118.0
1114.0
1123.0
1125.0
1119.0
1129.0
1127.0
1129.0
19120.0
18960.0
18680.0
18510.0
18340.0
18130.0
17960.0
17830.0
17880.0
17970.0
18160.0
18380.0
18420.0
18390.0
18460.0
18420.0
18380.0
18460.0
18860.0
19100.0
18540.0
18070.0
17530.0
17000.0
16810.0
16670.0
16820.0
17050.0
18200.0
19320.0
19210.0
18630.0
18130.0
17520.0
17390.0
17480.0
19610.0
18760.0
18240.0
17950.0
17130.0
16410.0
16470.0
16170.0
16600.0
17010.0
17660.0
18130.0
18120.0
17540.0
17360.0
17200.0
17160.0
18570.0
18680.0
18560.0
17600.0
17260.0
16750.0
16110.0
16880.0
16750.0
16940.0
16700.0
16900.0
17200.0
16700.0
15980.0
15410.0
14450.0
14830.0
15610.0
1916.0
1776.0
1764.0
1739.0
1637.0
1564.0
1510.0
1469.0
1529.0
1621.0
1719.0
1776.0
1816.0
1773.0
1788.0
1839.0
1799.0
1984.0
1173.0
1145.0
1092.0
1114.0
1102.0
1086.0
1120.0
1110.0
1145.0
1125.0
1084.0
1133.0
1147.0
1127.0
1096.0
1115.0
1112.0
1093.0
1172.0
1145.0
1092.0
1114.0
1102.0
1086.0
1120.0
1110.0
1145.0
1125.0
1084.0
1133.0
1147.0
1127.0
1097.0
1115.0
1112.0
1093.0
1146.0
1136.0
1136.0
1131.0
1126.0
1116.0
1122.0
1120.0
1119.0
1119.0
1121.0
1133.0
1136.0
1118.0
1118.0
1111.0
1112.0
1124.0
2018.0
2022.0
1983.0
1958.0
1930.0
1882.0
1858.0
1865.0
1864.0
1869.0
1895.0
1928.0
1924.0
1908.0
1890.0
1865.0
1869.0
1876.0
1808.0
1764.0
1682.0
1620.0
1570.0
1508.0
1453.0
1399.0
1420.0
1440.0
1505.0
1590.0
1607.0
1582.0
1614.0
1590.0
1547.0
1578.0
19210.0
17860.0
17720.0
17450.0
16390.0
15600.0
15080.0
14640.0
15250.0
16230.0
17220.0
17730.0
18290.0
17890.0
18080.0
18590.0
18150.0
20100.0
2172.0
2128.0
2050.0
2005.0
1940.0
1887.0
1946.0
1942.0
1976.0
1981.0
2021.0
2044.0
2002.0
1946.0
1887.0
1803.0
1848.0
1937.0
1059.0
1103.0
1054.0
1033.0
1006.0
1099.0
1229.0
1279.0
1289.0
1271.0
1264.0
1264.0
1335.0
1289.0
1362.0
1284.0
1279.0
1335.0
9890.0
10020.0
9870.0
9710.0
9720.0
9600.0
9540.0
9570.0
9590.0
9560.0
9480.0
9380.0
10110.0
9670.0
9740.0
9640.0
9660.0
10130.0
1177.0
1285.0
1163.0
1134.0
1046.0
1364.0
1785.0
1936.0
1964.0
1911.0
1908.0
1959.0
1968.0
1948.0
2159.0
1937.0
1898.0
1959.0
2005.0
1798.0
1726.0
1390.0
1227.0
1249.0
1379.0
1418.0
1563.0
1947.0
2263.0
2025.0
1928.0
1872.0
1781.0
1650.0
1765.0
2029.0
1969.0
1876.0
1799.0
1489.0
1397.0
1363.0
1443.0
1447.0
1537.0
1811.0
1979.0
1855.0
1740.0
1711.0
1623.0
1544.0
1686.0
1905.0
851.0
756.0
753.0
547.0
473.0
489.0
527.0
546.0
623.0
785.0
869.0
843.0
803.0
811.0
809.0
660.0
814.0
1008.0
2015.0
1997.0
1981.0
1966.0
1935.0
1928.0
1877.0
1760.0
1486.0
1382.0
1369.0
1366.0
1372.0
1377.0
1377.0
1426.0
1428.0
1429.0
9190.0
9110.0
9040.0
8970.0
8830.0
8800.0
8560.0
8030.0
6780.0
6310.0
6240.0
6230.0
6260.0
6280.0
6280.0
6510.0
6510.0
6520.0
2305.0
2281.0
2244.0
2189.0
2116.0
2142.0
2132.0
2145.0
2131.0
2165.0
2231.0
2230.0
2252.0
2253.0
2200.0
2214.0
2202.0
2211.0
18790.0
18460.0
18210.0
18260.0
17950.0
17560.0
17570.0
17550.0
17850.0
17740.0
17830.0
17730.0
17940.0
18070.0
17930.0
18040.0
18560.0
18940.0
1458.0
1455.0
1464.0
1458.0
1454.0
1422.0
1421.0
1426.0
1419.0
1419.0
1410.0
1400.0
1404.0
1412.0
1412.0
1399.0
1425.0
1438.0
2955.0
2955.0
2954.0
2954.0
2954.0
2954.0
2956.0
2955.0
2955.0
2955.0
2957.0
2957.0
2957.0
2959.0
2959.0
2959.0
2959.0
2959.0
2021.0
2001.0
2011.0
2011.0
2010.0
2010.0
2020.0
1995.0
1996.0
1996.0
2015.0
2015.0
2015.0
2014.0
2014.0
2023.0
2005.0
1980.0
1358.0
1374.0
1370.0
1387.0
1382.0
1399.0
1390.0
1387.0
1381.0
1378.0
1381.0
1386.0
1407.0
1408.0
1432.0
1448.0
1489.0
1490.0
1438.0
1431.0
1425.0
1416.0
1421.0
1413.0
1407.0
1397.0
1386.0
1379.0
1379.0
1387.0
1424.0
1436.0
1421.0
1431.0
1426.0
1446.0
3012.0
3008.0
3008.0
3008.0
2984.0
2954.0
2952.0
2898.0
2938.0
2938.0
2983.0
3074.0
3091.0
3140.0
3127.0
3114.0
3075.0
3098.0
1736.0
1727.0
1717.0
1708.0
1708.0
1708.0
1690.0
1692.0
1692.0
1692.0
1692.0
1637.0
1637.0
1619.0
1619.0
1619.0
1619.0
1619.0
2412.0
2413.0
2401.0
2392.0
2316.0
2318.0
2280.0
2277.0
2270.0
2293.0
2264.0
2261.0
2256.0
2240.0
2245.0
2224.0
2224.0
2226.0
1975.0
1986.0
1925.0
1916.0
1841.0
1799.0
1767.0
1766.0
1826.0
1830.0
1821.0
1834.0
1837.0
1840.0
1831.0
1824.0
1820.0
1823.0
1975.0
1986.0
1925.0
1916.0
1841.0
1799.0
1767.0
1766.0
1826.0
1830.0
1821.0
1834.0
1837.0
1840.0
1831.0
1824.0
1820.0
1823.0
8897.0
8897.0
8897.0
8900.0
8947.0
9116.0
9111.0
9114.0
9114.0
9114.0
9114.0
9348.0
9402.0
9416.0
9416.0
9416.0
9569.0
9597.0
8897.0
8897.0
8897.0
8900.0
8947.0
9116.0
9111.0
9114.0
9114.0
9114.0
9114.0
9348.0
9402.0
9416.0
9416.0
9416.0
9569.0
9597.0
1038.0
1038.0
1038.0
1038.0
1038.0
1038.0
1038.0
1038.0
1038.0
1038.0
1030.0
1037.0
998.0
997.0
1037.0
997.0
997.0
1002.0
2999.0
2996.0
2995.0
3016.0
3006.0
3011.0
3015.0
3038.0
3035.0
3033.0
3036.0
3029.0
3049.0
3073.0
3066.0
3055.0
3052.0
3081.0
1668.0
1660.0
1647.0
1645.0
1648.0
1649.0
1635.0
1630.0
1636.0
1633.0
1639.0
1634.0
1632.0
1621.0
1623.0
1645.0
1652.0
1641.0
1984.0
1984.0
1988.0
1988.0
1988.0
1998.0
1998.0
1998.0
2277.0
2192.0
2192.0
2195.0
2223.0
2223.0
2223.0
2224.0
2224.0
2220.0
22310.0
22570.0
22340.0
22360.0
22190.0
22320.0
22030.0
21970.0
21950.0
22180.0
22110.0
22310.0
22400.0
22550.0
22370.0
22340.0
22090.0
22090.0
2231.0
2257.0
2234.0
2236.0
2219.0
2232.0
2203.0
2197.0
2195.0
2218.0
2211.0
2231.0
2240.0
2255.0
2237.0
2234.0
2209.0
2209.0
2895.0
2870.0
2885.0
2928.0
2882.0
2827.0
2914.0
2923.0
2906.0
3030.0
3009.0
2966.0
2968.0
2966.0
2979.0
2963.0
2974.0
2969.0
2311.0
2321.0
2321.0
2321.0
2321.0
2321.0
2332.0
2345.0
2345.0
2345.0
2345.0
2352.0
2352.0
2328.0
2315.0
2328.0
2328.0
2328.0
1703.0
1691.0
1666.0
1668.0
1658.0
1647.0
1634.0
1669.0
1671.0
1667.0
1660.0
1654.0
1650.0
1643.0
1644.0
1639.0
1632.0
1608.0
1418.0
1408.0
1387.0
1389.0
1381.0
1371.0
1360.0
1390.0
1392.0
1388.0
1382.0
1377.0
1374.0
1368.0
1369.0
1364.0
1359.0
1339.0
912.0
912.0
912.0
918.0
923.0
923.0
920.0
906.0
912.0
912.0
912.0
912.0
912.0
912.0
927.0
922.0
930.0
929.0
2186.0
2182.0
2180.0
2177.0
2173.0
2168.0
2164.0
2154.0
2152.0
2151.0
2152.0
2158.0
2158.0
2166.0
2164.0
2169.0
2173.0
2196.0
862.0
864.0
893.0
890.0
866.0
833.0
785.0
776.0
767.0
783.0
812.0
848.0
896.0
994.0
979.0
989.0
1006.0
1065.0
1465.0
1425.0
1399.0
1357.0
1328.0
1301.0
1285.0
1295.0
1305.0
1354.0
1411.0
1482.0
1477.0
1577.0
1577.0
1660.0
1704.0
1751.0
18390.0
18420.0
18300.0
18280.0
18190.0
18150.0
18050.0
18020.0
18140.0
18120.0
18090.0
18110.0
18080.0
18070.0
18100.0
18000.0
17910.0
17840.0
2188.0
2196.0
2180.0
2174.0
2162.0
2154.0
2145.0
2134.0
2130.0
2131.0
2135.0
2148.0
2144.0
2149.0
2151.0
2157.0
2177.0
2183.0
1721.0
1706.0
1733.0
1776.0
1858.0
1839.0
1826.0
1774.0
1825.0
1855.0
1901.0
1908.0
1896.0
1956.0
1952.0
1944.0
1957.0
1946.0
1753.0
1737.0
1768.0
1816.0
1911.0
1889.0
1875.0
1815.0
1873.0
1906.0
1959.0
1967.0
1953.0
2021.0
2017.0
2008.0
2023.0
2010.0
2355.0
2355.0
2355.0
2354.0
2353.0
2355.0
2355.0
2355.0
2356.0
2356.0
2355.0
2356.0
2354.0
2356.0
2375.0
2354.0
2354.0
2354.0
1426.0
1394.0
1454.0
1549.0
1732.0
1688.0
1660.0
1545.0
1656.0
1720.0
1822.0
1838.0
1811.0
1942.0
1927.0
1918.0
1946.0
1921.0
1548.0
1548.0
1548.0
1548.0
1548.0
1548.0
1548.0
1541.0
1552.0
1558.0
1559.0
1559.0
1559.0
1559.0
1559.0
1559.0
1559.0
1559.0
1098.0
1112.0
1109.0
1111.0
1103.0
1113.0
1119.0
1125.0
1122.0
1107.0
1110.0
1104.0
1108.0
1105.0
