100.0
100.86093555579836
101.72180729700719
102.58255141376702
103.44310410567822
104.30340158653004
105.16338008902856
106.02297586952331
106.88212521273206
107.74076443646362
108.59882989633802
109.45625799050403
110.31298516435353
111.16894791523222
112.02408279714672
112.87832642546716
113.73161548162562
114.58388671780926
115.4350769616485
116.28512312089948
117.13396218812062
117.98153124534285
118.82776746873326
119.67260813325179
120.51599061730045
121.35785240736513
122.19813110264911
123.03676441969846
123.87369019701856
124.70884639968173
125.54217112392534
126.3736026017403
127.20307920544946
128.03053945227555
128.85592200889852
129.67916569600158
130.50020949280614
131.31899254159458
132.13545415222137
132.9495338066115
133.76117116324622
134.57030606163562
135.37687852677806
136.1808287736054
136.9820972114147
137.78062444828498
138.57635129547964
139.36921877183357
140.15916810812507
140.94614075143187
141.73007836947133
142.510922854924
143.28861632974088
144.06310114943324
144.83431990734562
145.60221543891072
146.36673082588672
147.12780940057618
147.8853947500263
148.63943072021044
149.38986142019047
150.13663122625934
150.87968478606422
151.61896702270926
152.35442313883811
153.08599862069545
153.8136392421679
154.53729106880326
155.25690046180824
155.9724140820244
156.6837788938816
157.3909421693294
158.0938514917451
158.7924547598192
159.48670019141707
160.17653632741735
160.86191203552616
161.5427765140671
162.21907929574684
162.89077025139588
163.5577995936842
164.2201178808116
164.8776760201726
165.5304252719951
166.1783172529532
166.82130393975348
167.45933767269452
168.09237115919962
168.7203574773223
169.34325007922416
169.96100279462513
170.5735698342258
171.18090579310126
171.78296565406686
172.37970479101477
172.97107897222196
173.55704436362865
174.13755753208733
174.7125754485823
175.282055491419
175.84595544938313
176.40423352486965
176.95684833698078
177.50375892459328
178.0449247493945
178.58030569888746
179.10986208936367
179.63355466884494
180.15134461999264
180.66319356298496
181.16906355836176
181.66891710983674
182.16271716707666
182.6504271284477
183.13201084372835
183.60743261678914
184.07665720823832
184.53964983803394
184.99637618806196
185.44680240467983
185.89089510122588
186.3286213604939
186.75994873717335
187.18484526025387
187.60327943539534
188.01522024726228
188.42063716182264
188.81950012861114
189.2117795829568
189.59744644817408
189.97647213771836
190.34882855730473
190.7144881069904
191.07342368322048
191.425608680837
191.77101699505096
192.10962302337714
192.44140166753198
192.76632833529385
193.08437894232594
193.3955299139613
193.69975818695048
193.99704121117074
194.28735695129788
194.57068388843922
194.84700102172883
195.11628786988405
195.3785244727237
195.63369139264756
195.8817697160771
196.12274105485727
196.35658754761988
196.583291861107
196.8028371914562
197.01520726544578
197.2203863417011
197.41835921186146
197.6091112017071
197.79262817224728
197.96889652076794
198.13790318184016
198.29963562828857
198.45408187211984
198.60123046541128
198.74107050115953
198.8735916140887
198.99878398141897
199.11663832359454
199.22714590497145
199.33029853446516
199.4260885661576
199.51450889986398
199.59555298165895
199.66921480436267
199.73548890798565
199.7943703801339
199.84585485637274
199.88993852055043
199.926618105081
199.95589089118647
199.9777547090984
199.9922079382186
199.99924950723937
199.9988788942229
199.99109612663995
199.9759017813677
199.95329698464712
199.92328341199948
199.88586328810214
199.84103938662363
199.78881503001801
199.72919408927874
199.6621809836516
199.58778068030733
199.50599869397317
199.41684108652433
199.3203144665346
199.21642598878643
199.1051833537407
198.98659480696594
198.86066913852704
198.72741568233386
198.58684431544924
198.43896545735697
198.28379006918954
198.12132965291545
197.9515962504869
197.77460244294707
197.5903613494976
197.3988866265263
197.2001924665946
196.9942935973859
196.78120528061376
196.56094331089065
196.3335240145572
196.09896424847227
195.85728139876306
195.60849337953684
195.3526186315529
195.08967612085564
194.81968533736892
194.5426662934513
194.25863952241264
193.96762607699225
193.6696475277984
193.36472596170927
193.05288398023612
192.73414469784768
192.4085317402571
192.0760692426707
191.736781847999
191.39069470502994
191.03783346656516
190.67822428751828
190.31189382297632
189.93886922622394
189.55917814673083
189.17284872810214
188.7799096059926
188.38038990598378
187.9743192414254
187.56172771124022
187.142645897693
186.71710486412383
186.28513615264546
185.8467717818054
185.40204424421262
184.95098650412928
184.493631995027
184.03001461710903
183.56016873479723
183.08412917418505
182.60193122045615
182.1136106152689
181.619203554107
181.118746683597
180.61227709879148
180.09983234041982
179.58145039210535
179.05716967755012
178.52702905768678
177.99106782779796
177.44932571460384
176.90184287331743
176.34865988466802
175.7898177518935
175.22535789770095
174.65532216119624
174.07975279478296
173.49869246103054
172.9121842295118
172.32027157361082
171.72299836730045
171.12040888189023
170.51254778274495
169.89946012597403
169.2811913550916
168.65778729764844
168.02929416183486
167.3957585330558
166.75722737047778
166.11374800354815
165.4653681284869
164.81213580475128
164.15409945147374
163.49130784387268
162.82381010963724
162.15165572528593
161.4748945124992
160.79357663442653
160.10775259196836
159.41747322003266
158.722789683767
158.02375347476612
157.32041640725532
156.61283061424945
155.90104854368928
155.1851229545535
154.46510691294833
153.74105378817396
153.01301724876885
152.2810512585316
151.545210072521
150.80554823303464
150.06212056556592
149.31498217474052
148.56418844023156
147.8097950126551
147.05185780944487
146.29043301070774
145.5255770550595
144.7573466354413
143.98579869491766
143.2109904224557
142.43297924868597
141.65182284164575
140.86757910250446
140.08030616127198
139.29006237248976
138.49690631090553
137.70089676713164
136.9020927432873
136.1005534486253
135.29633829514313
134.48950689317925
133.68011904699478
132.86823475034052
132.05391418201015
131.23721770137942
130.41820584393258
129.59693931677498
128.7734789941335
127.94788591284434
127.12022126782881
126.2905464075575
125.45892282950292
124.62541217558109
123.79007622758269
122.95297690259349
122.11417624840495
121.2737364389151
120.43171976952004
119.58818865249651
118.74320561237573
117.89683328130879
117.04913439442441
116.20017178517881
115.35000838069827
114.49870719711487
113.64633133489558
112.79294397416511
111.93860837002292
111.08338784785433
110.22734579863706
109.37054567424232
108.51305098273166
107.65492528364955
106.7962321833123
105.93703533009332
105.0773984097054
104.21738514048016
103.357059268645
102.49648456359827
101.63572481318239
100.77484381895582
99.91390539146384
99.05297334550887
98.19211149542029
97.33138365032444
96.47085360941476
95.61058515722311
94.75064205889174
93.89108805544689
93.03198685907414
92.17340214839595
91.31539756375166
90.4580367024803
89.60138311420647
88.74550029613013
87.89045168831991
87.03630066901079
86.18311054990632
85.33094457148589
84.47986589831709
83.62993761437393
82.78122271836084
81.93378411904291
81.08768463058325
80.24298696788685
79.39975374195198
78.55804745522946
77.71793049698967
76.87946513869827
76.04271352940036
75.20773769111383
74.3745995142323
73.54336075293752
72.71408302062204
71.88682778532231
71.06165636516246
70.2386299238093
69.41780946593873
68.59925583271385
67.7830296972754
66.96919156024441
66.15780174523783
65.34892039439717
64.54260746393052
63.73892271966866
62.937925732634945
62.13967587462967
61.34423231382951
60.5516540104017
59.76199971213375
58.97532795007901
58.19169703421812
57.41116504913698
56.6337898497214
55.859629056868734
55.08874005321678
54.32117997889067
53.557005727267345
52.79627394075852
52.039041006612194
51.28536305273313
50.535295943522506
49.788895275737154
49.04621637436841
48.30731428854159
47.57224378743541
46.841059356222424
46.11381519203044
45.390565199925305
44.67136298891538
43.95626186797785
43.245314842107284
42.53857460838696
41.83609355208267
41.13792374275987
40.44411693042412
39.75472454168531
39.069797675945736
38.38938710161256
37.71354325233457
37.04231622326416
36.37575576734401
35.7139112916193
35.05683185357552
34.4045661575023
33.75716255088324
33.114669020812286
32.47713319043696
31.84460231542809
31.217123280477523
30.594742595822595
29.977506393798834
29.365460425420537
28.75865005698944
28.157120266732278
27.560915641466764
26.970080373296597
26.384658256336138
25.804692683463998
25.230226643106874
24.66130271605293
24.09796307229584
23.54024946790875
22.98820324194965
22.441865313396704
21.901276178115765
21.36647590585818
20.83750413729132
20.314400081059773
19.7972025108794
19.285949762663364
18.78067973168038
18.281429869746063
17.788237182446636
17.301138226396347
16.820169106527388
16.345365473414034
15.876762520630066
15.414394982139981
14.958297129724713
14.508502770440955
14.065045244115737
13.627957420874765
13.197271698706388
12.77302000105989
12.35523377447933
11.94394398627287
11.539181122217016
11.140975184297304
10.749355688484187
10.364351662545516
9.985991643894621
9.614303677475405
9.249315313683269
8.891053606323169
8.53954511060438
8.194815881171934
7.856891470175711
7.525796925376099
7.201556788287732
6.884195092360159
6.5737353611964835
6.270200606809908
5.973613327917775
5.683995508274123
5.4013686150400275
5.125753597192556
4.857170883971833
4.595640383366941
4.341181480640117
4.093813036889998
3.853553387653548
3.620420341546975
3.3944311789457657
3.175602650703695
2.96395097691142
2.759491845693958
2.562240412048112
2.372211296718902
2.1894185851159733
2.0138758262695973
1.8455960318262186
1.6845916750841639
1.5308746900689982
1.384456470648999
1.2453478696905762
1.1135591982538102
0.9891002248282916
0.8719801746088933
0.7622077288121005
0.6597910240324865
0.5647376516396321
0.4770546572153904
0.396748540031723
0.3238252525688665
0.25829020007421377
0.20014824016161015
0.14940368245132163
0.10606028825054636
0.07012127027468296
0.04158929240915654
0.020466469511987384
0.006754367257002514
0.00045400201780410043
0.0015658407924519224
0.010089801168803092
0.026025251330651145
0.049371010104565016
0.08012534704742791
0.11828598257467604
0.16385008812930835
0.21681428639155342
0.2771746515291511
0.34492670948836235
0.42006543832563636
0.5025852685798213
0.5924800836849755
0.6897432204237646
0.794367469421303
0.9063450756796101
1.0256677391524107
1.152326615360252
1.2863123160462493
1.427614909871778
1.57622392315281
1.732128340636038
1.8953166063155322
2.065776624289228
2.243495759655417
2.4284608394494427
2.6206581536199565
2.820073456045307
3.026691965589251
3.240498367196892
3.4614768130295346
3.6896109236395915
3.9248837891846335
4.1672779706806296
4.41677550129485
4.67335788767727
4.937006111331655
5.20770063002503
5.485421379236385
5.770147773643657
6.061858708649865
6.3605325619471955
6.666147195119748
6.978679955284662
7.298107676770869
7.624406682836565
7.957552787423879
8.297521296951743
8.644287012146322
8.997824229908574
9.358106745219771
9.725107853083529
10.098800350505556
10.479156538509756
10.866148224191548
11.259746722807392
11.659922859901144
12.06664697346649
12.479888916145399
12.89961805746303
13.325803286097809
13.758413012187773
14.197415169671771
14.642777218666609
15.094466147878663
15.552448477051044
16.016690259445085
16.48715708435644
16.963814079666008
17.446625914424345
17.93555680147088
18.430570500086148
18.931630318678387
19.438699117503035
19.951739311415494
20.470712872657387
20.995581333674807
21.526305789970124
22.06284690298517
22.605164903017567
23.15321959216817
23.70697034732092
24.26637612315382
24.831395455181166
25.40198646282728
25.9781068525305
26.55971392087841
27.1467645577727
27.739215249625005
28.337022082582067
28.940140745780496
29.54852653463172
30.162134354135034
30.78091872222059
31.40483377312033
32.033833260767935
32.667870562226355
33.30689868114398
33.95087025123793
34.599737539804835
35.253452451259236
35.91196653069812
36.575230967493
37.24319659890731
37.91581391374109
38.59303305600024
39.27480382859246
39.96107569704787
40.651797793264365
41.34691891927873
42.046387551060896
42.75015184233361
43.45815962841486
44.17035843008493
44.88669545747606
45.607117613985146
46.331571500209904
47.06000341790634
47.79235937396966
48.52858508443567
49.268625978505135
50.01242720258798
50.75993362436981
51.51108983689815
52.26584016268914
53.02412865785499
53.785899116250114
54.55109507363781
55.31965981187496
56.09153636311671
56.86666751403843
57.644995810077084
58.42646355968963
59.21101283862902
59.99858549423826
60.78912314976017
61.58256720866505
62.37885885899333
63.17793907771548
63.979748635106624
64.78422809913658
65.59131783987567
66.40095803391395
67.2130886687962
68.02764954746944
68.84458029274555
69.66382035177598
70.48530900054058
71.3089853483484
72.13478834235077
72.9626567720673
73.79252927392226
74.62434433579364
75.45804030157194
76.2935553757309
77.13082762790754
77.96979499749244
78.81039529823043
79.65256622282922
80.4962453475785
81.34137013697622
82.18787794836463
83.03570603657269
83.8847915585676
84.73507157811258
85.58648307043157
86.43896292688144
87.29244795962899
88.14687490633533
89.00218043484432
89.8583011478776
90.71517358773303
91.57273424098898
92.43091954321177
93.28966588366704
94.14890961003525
95.00858703312909
95.86863443161499
96.72898805673557
97.58958413703546
98.45035888308793
99.31124849222286
100.17218915325655
101.03311705122088
101.89396837209411
102.75467930753018
103.61518605958915
104.47542484546526
105.33533190221526
106.19484349148452
107.05389590423108
107.91242546544865
108.7703685388855
109.62766153176221
110.48424089948446
111.34004315035389
112.19500485027356
113.04906262745041
113.90215317709226
114.75421326609992
115.6051797377547
116.4549895163991
117.30357961211277
118.15088712538088
118.99684925175683
119.84140328651738
120.68448662931006
121.52603678879396
122.36599138727101
123.20428816531029
124.04086498636204
124.87565984136425
125.70861085333806
126.53965628197491
127.36873452821261
128.19578413880095
129.0207438108573
129.84355239641005
130.6641489069314
131.48247251785756
132.2984625730978
133.1120585895297
133.923200261483
134.73182746520925
135.5378802633381
136.3412989093206
137.14202385185718
137.93999573931208
138.7351554241124
139.52744396713263
140.31680264206292
141.10317293976217
141.88649657259515
142.66671547875228
143.44377182655413
144.21760801873725
144.98816669672408
145.7553907448739
146.51922329471688
147.2796077291692
148.0364876867292
148.7898070656558
149.539510028126
150.28554100437466
151.0278446968126
151.766366084126
152.50105042535452
153.23184326394852
153.9586904318061
154.6815380532876
155.4003325492095
156.11502064081526
156.82554935372514
157.53186602186207
158.23391829135605
158.9316541244244
159.62502180322872
160.31396993370896
160.99844744939207
161.678403615178
162.35378803109964
163.02455063605896
163.69064171153747
164.35201188528157
165.00861213496228
165.66039379180836
166.30730854421458
166.94930844132176
167.5863458965719
168.2183736912347
168.84534497790793
169.46721328398974
170.0839325151233
170.69545695861353
171.30174128681517
171.90274056049302
172.49841023215242
173.08870614934176
173.67358455792453
174.25300210532316
174.82691584373202
175.3952832333007
175.9580621452875
176.51521086518193
177.06668809579682
177.612452960329
178.1524650053898
178.6866842040028
179.2150709585715
179.73758610381384
180.25419090966537
180.76484708415018
181.2695167762188
181.7681625785544
182.26074753034487
182.74723512002296
183.2275892879723
183.7017744292003
184.16975539597735
184.63149750044192
185.08696651717187
185.5361286857211
185.97895071312234
186.4153997763543
186.8454435247752
187.26905008252038
187.68618805086493
188.09682651055138
188.500935024081
188.89848363797043
189.28944288497152
189.67378378625574
190.05147785356206
190.4224970913085
190.78681399866744
191.1444015716038
191.49523330487685
191.83928319400468
192.17652573719187
192.50693593721954
192.8304893032984
193.1471618528841
193.4569301134545
193.75977112424997
194.055662437975
194.3445821224623
194.62650876229807
194.90142146040978
195.16929983961484
195.43012404413116
195.68387474104884
195.93053312176306
196.17008090336853
196.40250033001422
196.62777417422
196.845885738153
197.0568188548658
197.26055788949446
197.4570877404175
197.6463938403753
197.82846215754984
198.00327919660472
198.1708319996855
198.33110814738023
198.4840957596399
198.6297834966591
198.7681605597165
198.89921669197534
199.0229421792436
199.13932785069414
199.24836507954436
199.3500457836957
199.4443624263327
199.53130801648172
199.6108761095289
199.68306080769813
199.747856760488
199.8052591650685
199.85526376663694
199.89786685873344
199.9330652835156
199.96085643199243
199.98123824421805
199.99420920944402
199.9997683662316
199.99791530252287
199.98865015567137
199.97197361243173
199.94788690890903
199.91639183046692
199.8774907115955
199.83118643573815
199.77748243507784
199.71638269028279
199.6478917302112
199.57201463157588
199.4887570185677
199.3981250624388
199.30012548104514
199.1947655383487
199.08205304387874
198.96199635215328
198.83460436205962
198.69988651619485
198.55785280016585
198.40851374184928
198.25188041061102
198.08796441648582
197.9167779093168
197.73833357785475
197.55264464881748
197.35972488590986
197.15958858880313
196.95225059207542
196.73772626411164
196.51603150596492
196.28718275017772
196.05119695956353
195.8080916259501
195.55788476888256
195.3005949342878
195.03624119309978
194.7648431398461
194.48642089119562
194.20099508446694
193.9085868760993
193.60921794008402
193.30291046635824
192.98968715915976
192.66957123534456
192.34258642266587
192.00875695801494
191.66810758562517
191.32066355523762
190.9664506202297
190.60549503570581
190.2378235565518
189.8634634354516
189.48244242086713
189.09478875498144
188.7005311716056
188.2996988940488
187.8923216329519
187.47842958408586
187.0580534261129
186.63122431831312
186.1979738982742
185.75833427954706
185.31233804926518
184.86001826572897
184.40140845595585
183.93654261319494
183.46545519440738
182.9881811177121
182.50475575979806
182.01521495330178
181.5195949841512
181.0179325888764
180.51026495188637
179.99662970271308
179.47706491322168
178.95160909478932
178.42030119545007
177.88318059700828
177.34028711211909
176.79166098133788
176.23734287013752
175.67737386589363
175.11179547483977
174.54064961899047
173.96397863303406
173.38182526119436
172.79423265406297
172.20124436540056
171.60290434890823
170.9992569549701
170.39034692736567
169.77621939995356
169.15691989332532
168.53249431143246
167.9029889381832
167.2684504340117
166.62892583242012
165.98446253649183
165.33510831537814
164.68091130075697
164.0219199832659
163.35818320890763
162.6897501754295
162.01667042867626
161.33899385891863
160.65677069715463
159.9700515113862
159.27888720287157
158.58332900235197
157.8834284662545
157.17923747286997
156.4708082185086
155.7581932136306
155.0414452789534
154.32061754153762
153.59576343084822
152.86693667479486
152.13419129574848
151.39758160653827
150.6571622064252
149.91298797705457
149.16511407838914
148.4135959446197
147.65848928005653
146.89985005499997
146.13773450159255
145.37219910965035
144.60330062247624
143.83109603265316
143.05564257782072
142.27699773643215
141.49521922349334
140.7103649862858
139.92249320007102
139.13166226377837
138.3379307956761
137.5413576290272
136.74200180772812
135.93992258193182
135.13517940365693
134.32783192238043
133.51793998061657
132.70556360948058
131.89076302424002
131.07359861985088
130.25413096648066
129.43242080501955
128.60852904257766
127.78251674797066
126.95444514719267
126.12437561887896
125.29236968975572
124.45848903008
123.62279544906781
122.78535089031368
121.94621742719879
121.10545725828945
120.2631327027277
119.41930619561155
118.57404028336737
117.7273976191131
116.8794409580154
116.03023315263744
115.17983714827969
114.32831597831526
113.47573275951706
112.62215068737972
111.76763303143476
110.91224313056189
110.05604438829371
109.19910026811556
108.34147428876244
107.48323001951022
106.62443107546407
105.76514111284244
104.90542382425978
104.04534293400476
103.18496219331726
102.32434537566226
101.46355627200386
100.60265868607637
99.74171642965457
98.88079331782487
98.01995316425442
97.1592597764615
96.29877695108523
95.43856846915789
94.57869809137674
93.71922955337743
92.86022656101086
92.00175278562037
91.14387185932267
90.28664737029054
89.43014285804063
88.57442180872314
87.7195476504157
86.86558374842281
86.01259340057845
85.16063983255468
84.30978619317439
83.46009554973169
82.61163088331668
81.76445508414658
80.91863094690525
80.07422116608798
79.23128833135476
78.38989492289032
77.55010330677396
76.71197573035619
75.87557431764506
75.04096106470078
74.20819783504143
73.37734635505694
72.54846820943331
71.72162483658883
70.89687752411943
70.07428740425621
69.2539154493335
68.43582246727055
67.62006909706368
66.80671580429109
65.9958228766321
65.18745041939769
64.38165835107581
63.57850639888932
62.778054094369864
61.980360768944855
61.18548554953906
60.39348735419306
59.60442488769541
58.81835663723161
58.03534086804827
57.25543561913533
56.4786986989234
55.70518768099921
54.934959899837445
54.16807244655198
53.40458216466364
52.644545645886346
51.888019225933384
51.135058980341
50.385720720312264
49.640059988579644
48.89813205528889
48.15999191390189
47.42569427711991
46.69529357282913
45.96884394006565
45.24639922500293
44.52801297695994
43.8137384444329
43.1036285711479
42.39773599213612
41.69611302983335
40.99881169020105
40.30588365887192
39.61738029731819
38.933352639045516
38.25385138580961
37.57892690385846
36.90862922019843
36.24300801888706
35.582112637349866
34.92599206272298
34.2746949282229
33.62826950954114
32.986763721266215
32.350225113331504
31.71870086749159
31.092237793824637
30.470882327262288
29.85468052414862
29.243678058825722
28.63792022024866
28.037451908627816
27.442317632101677
26.852561503437386
26.268227236760595
25.68935814431606
25.115997133256627
24.548186702463298
23.98596893939441
23.429385516966903
22.878477690466852
22.333286294491785
21.79385173992347
21.260214010933268
20.732412662018035
20.21048681506791
19.69447515646725
19.18441593422655
18.680346955147712
18.182305582021257
17.690328730857516
17.204452868150085
16.724714008172455
16.251147710309212
15.783789076419836
15.322672748237139
14.867832904799087
14.41930325991595
13.977117059671102
13.541307079956482
13.111905624043601
12.688944520188926
12.27245511927481
11.862468292485303
11.459014429018524
11.062123433833676
10.671824725434675
10.288147233689244
9.911119397685013
9.540769163621349
9.177123982737626
8.820210809278976
8.470056098498077
8.12668580469439
7.790125379289989
7.460399768943589
7.137533413701121
6.821550245184056
6.5124736848158875
6.210326642085846
5.915131512850891
5.626910177675455
5.345684000209985
5.071473825607157
4.804299978976729
4.544182263879222
4.291139960857919
4.04519182600977
3.806356089594928
3.57465045468588
3.350092095855018
3.1326976579014882
2.9224832546177595
2.7194644675950173
2.523656345068275
2.335073400800894
2.1537296130089203
1.9796384233249142
1.8128127358016428
1.6532649159554609
1.5010067898500097
1.3560496432195066
1.2184042206320953
1.0880807246936683
0.9650888152914945
0.8494376088782047
0.741135677796052
0.6401910496415866
0.546611206670562
0.4604030852433283
0.38157307531075446
0.3101270199404951
0.24607021488402836
0.1894074081839534
0.14014279982215783
0.09828004140852897
0.06382223591019454
0.036771937421590906
0.01713115097513196
0.004901332392620361
8.338817723085867e-05
0.0026776754464634678
0.012684001905569176
0.03010162586186027
0.05492925627964951
0.087165052875946
0.12680662625690786
0.17385103809492364
0.22829480134636526
0.2901338805100835
0.3593636919265606
0.4359791041176777
0.5199744381669689
0.6113434681406318
0.7100794215490538
0.8161749798486682
0.9296222789845814
1.0504129099732893
1.1785379195262067
1.3139878107131153
1.4567525436660986
1.6068215363239347
1.7641836652161658
1.9288272662878398
2.1007401357638855
2.2799095310539172
2.46632217169649
2.6599642403436548
2.8608213837849945
3.068878714011774
3.2841208093201573
3.506531715454429
3.73609494678972
3.9727934875537017
4.216609793087983
4.4675257911484465
4.725522883245105
4.9905819460202565
5.262683332666171
5.541806874381493
5.827931881865865
6.121037146853709
6.421100943686113
6.728101030921451
7.042014652983525
7.362818541848583
7.690488918770029
8.02500149604073
8.366331478793427
8.7144535668385
9.06934195653956
9.430970342725658
9.799311920641316
10.174339387933315
10.556024946674597
10.944340305424348
11.339256681325196
11.740744802236946
12.148774908905793
12.563316757170497
12.98433962020394
13.411812290791062
13.845703083641482
14.285979837738324
14.732609918722389
15.185560221310482
15.644797171749687
16.11028673030566
16.581994393786232
17.0598851980982
17.54392372083926
18.03407408392391
18.53029995624223
19.032564556353208
19.54083065521087
20.055060578924184
20.57521621154895
21.10125899791349
21.63314994647611
22.170849632215806
22.714318199553844
23.263515365308237
23.81840042168008
24.37893223927007
24.945069270127703
25.516769550830645
26.09399070559556
26.676689949418503
27.264824091246524
27.85834953717948
28.457222293700568
29.06139797093779
29.670831785953894
30.28547856606636
30.90529275219491
31.530228402238848
32.1602391944828
32.79527843102939
33.43529904126113
34.080253585329174
34.730094257670146
35.3847728905488
36.044240957628936
36.708449577569965
37.37734951765066
38.050891197417556
38.72902469236046
39.411699737613304
40.0988657316791
40.79047174018123
41.48646649963849
42.186798421265436
42.89141559479547
43.6002657923289
44.31329647220468
45.03045478289405
45.751687566918584
46.47694136479006
47.2061624189736
47.93929667787139
48.67628979982964
49.41708715716684
50.16163384022212
50.90987466142578
51.6617541593897
52.41721660301884
53.17620599564123
53.938666079159105
54.70454033821927
55.47377200440127
56.24630406042581
57.02207924438068
57.801040053965835
58.583128750754575
59.36828736447395
60.15645769730128
60.94758132817863
61.74159961714207
62.538453709668765
63.338084541039855
64.1404328407175
64.94543913673883
65.7530437601238
66.56318684929865
67.37580835453201
68.19084804238642
69.00824550018349
69.82794014048082
70.64987120556353
71.47397777194746
72.30019875489562
73.12847291294496
73.95873885244617
74.79093503211493
75.62499976759236
76.460871236018
77.29848748061184
78.13778641526748
78.97870582915297
79.82118339132276
80.66515665533751
81.51056306389341
82.35733995345804
83.20542455891567
84.05475401822008
84.90526537705301
85.75689559349118
86.60958154267874
87.46326002150695
88.31786775329786
89.17334139249513
90.02961752935981
90.88663269466937
91.74432336442294
92.60262596454946
93.46147687562068
94.32081243756569
95.18056895439013
96.04068269889795
96.90108991741408
97.76172683451057
98.62252965773352
99.48343458233218
100.3443777959873
101.2052954835417
102.06612383173012
102.92679903390986
103.7872572947892
104.64743483515666
105.50726789660898
106.36669274627592
107.22564568154506
108.08406303478324
108.94188117805643
109.79903652784493
110.65546554975688
111.5111047632381
112.36589074627632
113.21976014010296
114.07264965388904
114.92449606943711
115.77523624586611
116.6248071242921
117.47314573250279
118.32018918962412
119.16587471078194
120.01013961175533
120.85292131362368
121.69415734740406
122.53378535868231
123.37174311223454
124.2079684966409
125.04239952888828
125.87497435896526
126.70563127444701
127.53430870506863
128.36094522728945
129.18547956884566
130.0078506132926
130.82799740453373
131.64585915133952
132.4613752318539
133.2744851980866
134.08512878039443
134.89324589194825
135.69877663318755
136.50166129625907
137.30184036944328
138.09925454156587
138.893844706393
139.68555196701325
140.47431764020266
141.26008326077522
142.0427905859155
142.8223815994963
143.59879851637876
144.37198378669603
145.1418801001181
145.90843039010028
146.6715778381136
147.4312658778553
148.18743819944234
148.94003875358496
149.68901175574172
150.43430169025345
151.1758533144588
151.91361166278926
152.64752205084253
153.37753007943633
154.10358163864052
154.82562291178823
155.5436003794641
156.2574608234717
156.9671513307786
157.67261929743756
158.37381243248626
159.07067876182288
159.76316663205918
160.45122471434823
161.13480200818975
161.8138478452099
162.48831189291766
163.15814415843477
163.82329499220157
164.48371509165767
165.1393555048956
165.79016763428973
166.4361032400981
167.07711444403873
167.71315373283755
168.34417396175076
168.9701283580595
169.5909705245361
170.20665444288363
170.81713447714674
171.42236537709456
172.0223022815743
172.6169007218366
173.2061166248322
173.7899063164778
174.36822652489406
174.94103438361253
175.50828743475356
176.06994363217274
176.62596134457777
177.17629935861453
177.72091688192137
178.25977354615307
178.7928294099729
179.32004496201358
179.84138112380523
180.35679925267254
180.8662611445987
181.3697290370577
181.86716561181265
182.35853399768234
182.84379777327433
183.3229209696842
183.7958680731619
184.26260402774406
184.7230942378526
185.17730457085858
185.62520135961262
186.0667514049403
186.5019219781029
186.9306808232232
187.3529961596765
187.76883668444657
188.17817157444532
188.58097048879773
188.97720357109114
189.36684145158773
189.74985524940172
190.12621657464007
190.49589753050702
190.85887071537144
191.2151092247982
191.56458665354225
191.90727709750615
192.24315515565962
192.57219593192272
192.89437503701117
193.209668590244
193.5180532213136
193.8195060720182
194.11400479795617
194.40152757018194
194.68205307682427
194.95556052466594
195.22202964068492
195.48144067355693
195.7337743951197
195.97901210179816
196.21713561599057
196.44812728741613
196.67196999442316
196.8886471452583
197.09814267929607
197.3004410682296
197.49552731722156
197.68338696601546
197.8640060900077
198.0373713012795
198.20346974958943
198.3622891233257
198.51381765041884
198.65804409921435
198.7949577793051
198.9245485423236
199.0468067826946
199.16172343834674
199.26928999138437
199.36949846871892
199.46234144265992
199.5478120314655
199.62590389985243
199.69661125946584
199.75992886930823
199.81585203612784
199.86437661476663
199.90549900846753
199.939216169141
199.9655255975909
199.98442534369985
199.99591400657386
199.99999073464582
199.99665522573903
199.9859077270893
199.9677490353268
199.94218049641688
199.90920400556047
199.8688220070534
199.82103749410538
199.76585400861808
199.7032756409226
199.63330702947627
199.55595336051888
199.47122036768826
199.37911433159508
199.27964207935776
199.17281098409603
199.05862896438455
198.937104483666
198.80824654962368
198.67206471351398
198.5285690694582
198.37777025369454
198.21967944378957
198.05430835780993
197.8816692534535
197.701774927141
197.5146387130674
197.32027448221373
197.11869664131868
196.90992013181085
196.69396042870144
196.47083353943677
196.2405560027122
196.0031448872461
195.75861779051456
195.50699283744714
195.24828867908337
194.98252449119042
194.70971997284136
194.42989534495555
194.14307134879945
193.84926924444937
193.5485108092155
193.24081833602781
192.92621463178386
192.60472301565773
192.27636731737215
191.9411718754319
191.5991615353198
191.25036164765498
190.8947980663142
190.53249714651514
190.163485742863
189.78779120736004
189.40544138737815
189.01646462359477
188.62088974789197
188.2187460812197
187.81006343142232
187.39487209102924
186.9732028350092
186.54508691848966
186.11055607443996
185.66964251131884
185.22237891068752
184.76879842478712
184.30893467408134
183.84282174476414
183.3704941862337
182.89198700853137
182.40733567974615
181.9165761233865
181.41974471571712
180.91687828306283
180.40801409907854
179.8931898819871
179.3724437917831
178.8458144274042
178.31334082387062
177.77506244939133
177.23101920243892
176.68125140879152
176.1257998185448
175.56470560309077
174.99801035206627
174.42575607026993
173.84798517454925
173.26474049065638
172.67606525007312
172.08200308680762
171.4825980341592
170.87789452145512
170.26793737075664
169.65277179353757
169.03244338733265
168.4069981323574
167.7764823881007
167.14094288988804
166.50042674541766
165.85498143126813
165.20465478938033
164.5494950235107
163.88955069565785
163.224870722464
162.55550437158848
161.88150125805618
161.20291134057948
160.519784917856
159.83217262483973
159.14012542898817
158.443694626484
157.74293183843355
157.03788900704035
156.3286183917544
155.6151725653995
154.89760441027596
154.175967114241
153.4503141667658
152.72069935497152
151.9871767596423
151.24980075121587
150.5086259857547
149.7637074008938
149.01510021176932
148.262859906925
147.5070422442002
146.74770324659653
145.98489919812488
145.2186866396344
144.44912236462096
143.67626341501776
142.90016707696665
142.12089087657287
141.3384925756405
140.5530301673912
139.76456187216516
138.9731461331065
138.17884161183088
137.38170718407684
136.58180193534292
135.7791851565072
134.97391633943303
134.16605517255869
133.355661536474
132.54279549948149
131.72751731314338
130.90988740781663
130.08996638817308
129.2678150287075
128.44349426923233
127.61706521036153
126.78858910898126
125.95812737370882
125.12574156034191
124.29149336729532
123.455444631028
122.61765732145895
121.77819353737485
120.9371155018265
120.09448555751703
119.25036616218017
118.4048198839519
117.55790939673209
116.70969747553852
115.86024699185485
115.00962090896982
114.15788227731049
113.30509422976817
112.45131997701993
111.59662280284267
110.74106605942191
109.88471316265701
109.02762758745993
108.1698728630507
107.3115125682477
106.45261032675619
105.59322980245182
104.73343469466111
103.87328873344111
103.01285567485472
102.15219929624536
101.29138339150893
100.43047176636637
99.56952823363339
98.70861660849101
97.8478007037546
96.98714432514505
96.12671126655883
95.26656530533883
94.40677019754813
93.54738967324357
92.68848743175225
91.83012713694924
90.97237241253984
90.11528683734294
89.25893394057803
88.40337719715727
87.54868002297984
86.69490577023177
85.84211772268945
84.99037909102995
84.13975300814509
83.29030252446142
82.44209060326786
81.59518011604787
80.74963383781977
79.90551444248293
79.06288449817326
78.2218064626251
77.382342678541
76.54455536897194
75.70850663270446
74.87425843965804
74.04187262629114
73.21141089101869
72.38293478963826
71.55650573076761
70.73218497129261
69.91003361182688
69.09011259218332
68.27248268685658
67.45720450051846
66.64433846352577
65.8339448274411
65.02608366056674
64.22081484349276
63.418198064657034
62.6182928159231
61.82115838816908
61.02685386689329
60.23543812783463
59.44696983260859
58.66150742435946
57.87910912342708
57.099832923033304
56.32373658498219
55.55087763537884
54.78131336036539
54.01510080187492
53.25229675340359
52.492957755799765
51.73714009307495
50.98489978823063
50.23629259910601
49.491374014245125
48.75019924878392
48.012823240357804
47.279300645028435
46.54968583323418
45.824032885758946
45.10239558972384
44.384827434600304
43.67138160824543
42.96211099295976
42.2570681615664
41.556305373515976
40.85987457101179
40.167827375160094
39.48021508214382
38.79708865942033
38.11849874194392
37.44449562841148
36.775129277535946
36.110449304342104
35.450504976489256
34.79534521061949
34.145018568731686
33.499573254582444
32.85905711011192
32.22351761189927
31.593001867642585
30.967556612667323
30.347228206462276
29.732062629243188
29.12210547854498
28.51740196584076
27.91799691319234
27.32393474992682
26.735259509343592
26.152014825450593
25.574243929729917
25.00198964793357
24.435294396909185
23.874200181455137
23.318748591208433
22.76898079756107
22.2249375506085
21.686659176129226
21.154185572595637
20.627556208216973
20.106810118012874
19.59198590092143
19.083121716937143
18.580255284282742
18.083423876613352
17.592664320253718
17.108012991468698
16.629505813766244
16.15717825523582
15.691065325918615
15.23120157521275
14.777621089312348
14.330357488681045
13.889443925560101
13.454913081510313
13.026797164990782
12.60512790897073
12.189936568577565
11.781253918780195
11.379110252107935
10.983535376405285
10.594558612621825
10.212208792639927
9.836514257136969
9.467502853484817
9.10520193368572
8.749638352344931
8.400838464680248
8.05882812456808
7.723632682627823
7.395276984342246
7.073785368216107
6.759181663972086
6.451489190784429
6.150730755550654
5.856928651200533
5.570104655044432
5.290280027158616
5.017475508809582
4.751711320916556
4.493007162552786
4.2413822094853515
3.9968551127538916
3.759443997287775
3.529166460563232
3.306039571298541
3.090079868189079
2.881303358681265
2.6797255177861956
2.485361286932587
2.2982250728590117
2.1183307465464765
1.9456916421900416
1.780320556210384
1.6222297463054218
1.4714309305417572
1.3279352864860243
1.1917534503762965
1.0628955163339953
0.9413710356154326
0.8271890159039543
0.7203579206422006
0.6208856684048811
0.5287796323117675
0.4440466394811011
0.366692970523701
0.2967243590773876
0.23414599138190795
0.17896250589460294
0.13117799294658994
0.09079599443953157
0.05781950358310439
0.03225096467319588
0.014092272910687598
0.0033447742609666875
9.265354179888163e-06
0.004085993426144796
0.01557465630013155
0.03447440240911703
0.06078383085902317
0.09450099153247038
0.13562338523335882
0.1841479638721779
0.24007113069178843
0.3033887405341318
0.3740961001475682
0.4521879685345169
0.5376585573400661
0.6305015312810838
0.7307100086156595
0.8382765616532879
0.95319321730544
1.0754514576763938
1.205042220694935
1.341955900785635
1.4861823495811706
1.6377108766743476
1.7965302504106262
1.9626286987205503
2.135993909992308
2.3166130339845523
2.50447268277847
2.699558931770426
2.901857320703982
3.1113528547417673
3.328030005576892
3.5518727125838723
3.782864384009443
4.0209878982018665
4.266225604880319
4.518559326443139
4.777970359315162
5.044439475334116
5.317946923175697
5.598472429818074
5.885995202043844
6.180493927981814
6.481946778686478
6.7903314097561065
7.105624962988898
7.427804068077236
7.756844844340378
8.092722902493875
8.435413346457779
8.784890775201902
9.141129284628661
9.504102469493077
9.873783425359875
10.250144750598295
10.633158548412297
11.022796428908862
11.419029511202282
11.821828425554799
12.23116331555353
12.647003840323421
13.06931917677683
13.498078021897115
13.933248595059695
14.374798640387425
14.822695429141547
15.276905762147535
15.737395972255868
16.2041319268381
16.677079030315838
17.15620222672571
17.641466002317713
18.13283438818746
18.630270962942433
19.133738855401432
19.643200747327498
20.158618876194794
20.67995503798646
21.207170590027133
21.74022645384707
22.279083118078773
22.8237006413856
23.37403865542214
23.930056367827277
24.491712565246488
25.058965616387525
25.631773475106115
26.21009368352236
26.79388337516798
27.383099278163314
27.977697718425745
28.577634622905478
29.18286552285332
29.793345557116538
30.409029475464095
31.029871641940687
31.655826038249145
32.286846267162474
32.922885555961315
33.56389675990194
34.20983236571044
34.860644495104566
35.51628490834251
36.17670500779836
36.84185584156528
37.51168810708238
38.18615215479015
38.865197991810454
39.54877528565195
40.23683336794102
40.92932123817702
41.62618756751378
42.32738070256248
43.03284866922146
43.74253917652836
44.456399620536104
45.17437708821197
45.89641836135937
46.62246992056372
47.35247794915753
48.086388337210785
48.82414668554125
49.56569830974675
50.3109882442585
51.05996124641525
51.8125618005577
52.568734122144754
53.32842216188645
54.09156960989977
54.858119899882126
55.62801621330419
56.40120148362145
57.177618400503746
57.957209414084566
58.73991673922483
59.5256823597974
60.31444803298697
61.10615529360721
61.90074545843436
62.6981596305566
63.498338703740984
64.30122336681251
65.10675410805179
65.9148712196058
66.72551480191362
67.53862476814632
68.35414084866035
69.17200259546634
69.99214938670747
70.81452043115438
71.63905477271076
72.46569129493159
73.29436872555321
74.12502564103463
74.95760047111177
75.79203150335915
76.6282568877655
77.46621464131792
78.30584265259617
79.14707868637655
79.98986038824454
80.83412528921812
81.67981081037594
82.52685426749727
83.37519287570795
84.22476375413412
85.07550393056313
85.92735034611084
86.78023985989708
87.63410925372374
88.48889523676196
89.34453445024317
90.2009634721553
91.0581188219438
91.91593696521699
92.774354318455
93.63330725372414
94.49273210339108
95.35256516484338
96.21274270521103
97.07320096609037
97.9338761682701
98.79470451645835
99.65562220401276
100.51656541766788
101.37747034226653
102.23827316548966
103.09891008258614
103.95931730110227
104.81943104560976
105.67918756243436
106.53852312437938
107.39737403545058
108.25567663557729
109.11336730533085
109.97038247064042
110.82665860750474
111.68213224670218
112.5367399784931
113.39041845732132
114.24310440650905
115.09473462294721
115.94524598178015
116.79457544108422
117.642660046542
118.48943693610664
119.33484334466253
120.17881660867747
121.02129417084726
121.86221358473276
122.70151251938803
123.53912876398206
124.3750002324077
125.20906496788513
126.04126114755388
126.87152708705527
127.69980124510461
128.52602222805243
129.35012879443653
130.17205985951924
130.99175449981655
131.80915195761364
132.62419164546822
133.43681315070157
134.24695623987608
135.0545608632612
135.85956715928256
136.6619154589602
137.46154629033128
138.25840038285813
139.05241867182158
139.84354230269892
140.6317126355261
141.41687124924547
142.19895994603422
142.97792075561938
143.7536959395744
144.52622799559893
145.29545966178094
146.06133392084078
146.82379400435883
147.5827833969812
148.33824584061034
149.0901253385744
149.83836615977808
150.58291284283337
151.32371020017027
152.06070332212866
152.79383758102645
153.52305863521
154.24831243308162
154.96954521710614
155.68670352779552
156.399734207671
157.10858440520457
157.8132015787346
158.51353350036158
159.20952825981897
159.90113426832107
160.5883002623869
161.27097530763945
161.9491088025825
162.6226504823494
163.29155042243008
163.95575904237126
164.61522710945138
165.26990574233002
165.91974641467073
166.5647009587389
167.20472156897065
167.83976080551724
168.4697715977612
169.09470724780527
169.7145214339338
170.329168214046
170.93860202906225
171.5427777062995
172.14165046282056
172.73517590875352
173.32331005058165
173.9060092944046
174.48323044916953
175.05493072987232
175.62106776072997
176.18159957831995
176.7364846346918
177.2856818004463
177.82915036778434
178.36685005352405
178.89874100208655
179.42478378845107
179.94493942107584
180.4591693447892
180.96743544364693
181.46970004375788
181.96592591607623
182.45607627916067
182.9401148019018
183.4180056062138
183.88971326969437
184.35520282825047
184.81443977868963
185.26739008127774
185.71402016226162
186.15429691635853
186.58818770920897
187.0156603797961
187.43668324282962
187.8512250910943
188.25925519776317
188.66074331867475
189.0556596945757
189.44397505332543
189.8256606120667
190.20068807935877
190.56902965727443
190.93065804346054
191.28554643316147
191.6336685212066
191.97499850395928
192.30951108122997
192.63718145815145
192.95798534701655
193.27189896907862
193.57889905631384
193.8789628531463
194.17206811813415
194.45819312561852
194.73731666733386
195.0094180539798
195.27447711675495
195.53247420885162
195.78339020691203
196.0272065124463
196.2639050532103
196.4934682845456
196.7158791906799
196.93112128598827
197.13917861621508
197.34003575965636
197.53367782830352
197.7200904689461
197.89925986423611
198.07117273371222
198.23581633478386
198.39317846367612
198.5432474563339
198.68601218928688
198.8214620804738
198.94958709002674
199.07037772101546
199.18382502015135
199.28992057845096
199.38865653185934
199.48002556183303
199.56402089588232
199.64063630807345
199.70986611948996
199.77170519865365
199.82614896190506
199.87319337374308
199.91283494712405
199.94507074372035
199.96989837413815
199.98731599809446
199.99732232455352
199.99991661182275
199.99509866760738
199.98286884902487
199.96322806257842
199.9361777640898
199.90171995859146
199.85985720017783
199.81059259181603
199.753929785116
199.68987298005948
199.61842692468923
199.53959691475666
199.45338879332945
199.3598089503584
199.25886432220392
199.1505623911218
199.0349111847085
198.91191927530633
198.7815957793679
198.64395035678046
198.49899321014993
198.3467350840445
198.18718726419831
198.02036157667507
197.84627038699108
197.66492659919908
197.47634365493172
197.28053553240494
197.07751674538218
196.86730234209847
196.649907904145
196.4253495453141
196.19364391040506
195.95480817399022
195.708860039142
195.4558177361207
195.1957000210232
194.92852617439289
194.65431599979001
194.37308982232452
194.0848684871491
193.78967335791407
193.48752631518403
193.17844975481586
192.86246658629892
192.5396002310564
192.20987462070997
191.87331419530557
191.52994390150184
191.17978919072092
190.82287601726227
190.4592308363787
190.08888060231493
189.71185276631073
189.3281752745653
188.9378765661662
188.54098557098138
188.1375317075146
187.72754488072525
187.31105547981105
186.88809437595637
186.45869292004352
186.02288294032886
185.5806967400839
185.1321670952008
184.6773272517629
184.21621092358012
183.74885228969077
183.2752859918275
182.79554713184987
182.30967126914234
181.8176944179786
181.31965304485215
180.8155840657734
180.30552484353274
179.78951318493205
179.26758733798192
178.7397859890666
178.20614826007636
177.66671370550807
177.1215223095331
176.57061448303307
176.01403106060556
175.45181329753666
174.88400286674323
174.3106418556838
173.73177276323923
173.1474384965627
172.55768236789828
171.96254809137216
171.3620797797513
170.75632194117412
170.14531947585124
169.52911767273753
168.90776220617545
168.28129913250837
167.64977488666847
167.01323627873376
166.37173049045867
165.72530507177692
165.07400793727686
164.41788736265022
163.7569919811129
163.09137077980154
162.4210730961415
161.7461486141902
161.0666473609543
160.3826197026816
159.69411634112817
159.00118830979892
158.30388697016662
157.60226400786382
156.89637142885206
156.18626155556692
155.47198702303984
154.75360077499715
154.0311560599343
153.30470642717083
152.57430572288004
151.84000808609807
151.1018679447109
150.35994001142015
149.61427927968785
148.86494101965894
148.11198077406658
147.3554543541136
146.59541783533632
145.83192755344783
145.06504010016235
144.29481231900058
143.52130130107656
142.74456438086463
141.9646591319517
141.18164336276834
140.39557511230436
139.60651264580673
138.81451445046073
138.01963923105527
137.2219459056301
136.42149360111063
135.61834164892412
134.81254958060208
134.0041771233677
133.19328419570869
132.37993090293645
131.5641775327294
130.74608455066644
129.92571259574373
129.10312247588035
128.27837516341094
127.45153179056646
126.62265364494318
125.79180216495853
124.95903893529916
124.12442568235488
123.28802426964359
122.44989669322581
121.61010507710945
120.76871166864535
119.92577883391198
119.0813690530947
118.23554491585337
117.38836911668326
116.53990445026808
115.69021380682538
114.83936016744543
113.98740659942149
113.13441625157714
112.28045234958425
111.4255781912768
110.56985714195915
109.71335262970922
108.85612814067746
107.99824721437957
107.13977343898908
106.28077044662251
105.42130190862322
104.56143153084189
103.70122304891453
102.84074022353826
101.98004683574553
101.11920668217508
100.25828357034537
99.39734131392358
98.53644372799592
97.6756546243375
96.8150378066825
95.95465706599518
95.09457617574016
94.2348588871575
93.37556892453587
92.51676998048954
91.65852571123733
90.80089973188421
89.9439556117064
89.08775686943805
88.23236696856519
87.37784931262023
86.52426724048271
85.67168402168451
84.82016285172008
83.96976684736269
83.12055904198455
82.27260238088684
81.42595971663258
80.58069380438822
79.73686729727207
78.89454274171032
78.05378257280132
77.21464910968628
76.37720455093215
75.54151096991994
74.70763031024406
73.87562438112082
73.0455548528071
72.21748325202945
71.3914709574223
70.5675791949804
69.74586903351928
68.92640138014906
68.10923697575977
67.2944363905192
66.48206001938355
65.67216807761952
64.86482059634302
64.06007741806812
63.25799819227182
62.45864237097258
61.662069204323686
60.86833773622141
60.07750679992894
59.28963501371413
58.50478077650663
57.72300226356781
56.94435742217907
56.16890396734662
55.39669937752354
54.62780089034958
53.8622654984074
53.10014994499998
52.341510719943415
51.5864040553801
50.83488592161064
50.08701202294521
49.34283779357492
48.60241839346169
47.865808704251464
47.13306332520511
46.40423656915157
45.67938245846219
44.95855472104638
44.24180678636951
43.52919178149134
42.820762527129986
42.116571533745464
41.41667099764783
40.72111279712824
40.02994848861362
39.34322930284545
38.66100614108132
37.98332957132368
37.31024982457045
36.641816791092175
35.97808001673391
35.31908869924287
34.664891684621935
34.01553746350811
33.371074167579835
32.73154956598823
32.09701106181676
31.467505688567385
30.843080106674506
30.22378060004654
29.609653072634273
29.000743045029864
28.397095651091746
27.798755634599388
27.205767345936877
26.618174738805493
26.03602136696604
25.459350381009514
24.88820452516019
24.322626134106315
23.762657129862447
23.208339018661988
22.659712887880787
22.116819402991567
21.579698804549892
21.048390905210653
20.522935086778276
20.003370297286878
19.489735048113474
18.982067411123467
18.48040501584866
17.984785046698278
17.495244240201927
17.011818882287884
16.534544805592574
16.06345738680494
15.598591544044012
15.139981734270918
14.687661950734892
14.241665720452929
13.802026101725772
13.368775681686856
12.94194657388698
12.521570415914042
12.107678367047967
11.700301105951254
11.299468828394382
10.905211245018535
10.517557579132827
10.136536564548294
9.762176443448084
9.3945049642941
9.033549379770363
8.679336444762356
8.33189241437482
7.991243041985044
7.657413577334111
7.3304287646553234
7.010312840840157
6.697089533641815
6.3907820599159635
6.091413123900708
5.799004915533047
5.513579108804365
5.235156860153808
4.9637588069001595
4.699405065712256
4.442115231117455
4.1919083740498735
3.9488030404364594
3.7128172498222796
3.483968494035011
3.2622737358883
3.0477494079245417
2.840411411196854
2.6402751140901444
2.4473553511824946
2.261666422145254
2.083222090683151
1.9120355835141254
1.748119589388935
1.5914862581507379
1.4421471998341389
1.3001134838051485
1.1653956379403638
1.0380036478467076
0.9179469561212272
0.805234461651267
0.699874518954843
0.6018749375612202
0.5112429814323036
0.4279853684241175
0.3521082697887863
0.283617309717215
0.22251756492212849
0.16881356426185334
0.12250928840450115
0.08360816953309325
0.052113091090987496
0.028026387568260702
0.011349844328634617
0.0020846974771160376
0.00023163376839363536
0.005790790555991521
0.01876175578196637
0.03914356800757446
0.0669347164844396
0.10213314126656314
0.1447362333630906
0.1947408349315225
0.2521432395120087
0.3169391923018736
0.3891238904710974
0.46869198351829766
0.5556375736672976
0.649954216304323
0.7516349204556292
0.8606721493058558
0.9770578207563858
1.1007833080246598
1.2318394402835082
1.3702165033409415
1.5159042403601575
1.6688918526198364
1.8291680003144961
1.9967208033952915
2.1715378424501637
2.3536061596247038
2.542912259582536
2.7394421105055926
2.943181145134261
3.154114261846999
3.372225825780035
3.5974996699857655
3.8299190966315138
4.069466878236966
4.316125258951217
4.569875955868895
4.830700160385135
5.098578539590221
5.3734912377019555
5.655417877537744
5.9443375620250265
6.24022887575012
6.543069886545609
6.852838147115904
7.169510696701565
7.4930640627804905
7.82347426280819
8.160716805995378
8.504766695123237
8.855598428396306
9.213186001332545
9.5775029086915
9.94852214643798
10.326216213744303
10.71055711502855
11.101516362029685
11.499064975919126
11.90317348944862
12.31381194913503
12.730949917479649
13.154556475224837
13.584600223645793
14.021049286877798
14.463871314279004
14.913033482828112
15.368502499558062
15.830244604022667
16.29822557079973
16.77241071202775
17.25276487997712
17.73925246965524
18.231837421445576
18.730483223781164
19.23515291584988
19.74580909033466
20.26241389618623
20.784929041428597
21.31331579599734
21.847534994610427
22.387547039670977
22.933311904203208
23.484789134818087
24.041937854712586
24.604716766699426
25.173084156268132
25.74699789467698
26.32641544207543
26.911293850658296
27.501589767847605
28.097259439507084
28.69825871318494
29.304543041386637
29.916067484876876
30.53278671601022
31.154655022092072
31.78162630876534
32.413654103428186
33.05069155867835
33.69269145578561
34.339606208191796
34.99138786503771
35.64798811471839
36.309358288462576
36.97544936394114
37.64621196890048
38.321596384822165
39.00155255060812
39.68603006629103
40.37497819677125
41.06834587557564
41.76608170864399
42.46813397813804
43.17445064627506
43.884979359184925
44.59966745079047
45.31846194671236
46.041309568193945
46.76815673605154
47.49894957464561
48.23363391587412
48.972155303187606
49.71445899562531
50.460489971873976
51.21019293434427
51.96351231327084
52.72039227083093
53.48077670528324
54.24460925512633
55.01183330327621
55.78239198126273
56.55622817344592
57.333284521247776
58.113503427405
58.89682706023795
59.68319735793729
60.4725560328676
61.264844575887544
62.060004260687975
62.85797614814289
63.65870109067951
64.46211973666203
65.26817253479098
66.07679973851721
66.88794141047026
67.70153742690226
68.5175274821425
69.33585109306875
70.1564476035901
70.9792561891429
71.80421586119928
72.63126547178736
73.46034371802506
74.29138914666198
75.12434015863587
75.95913501363809
76.79571183468994
77.63400861272922
78.47396321120601
79.31551337068991
80.15859671348268
81.00315074824323
81.84911287461927
82.69642038788746
83.54501048360115
84.39482026224528
85.24578673390005
86.09784682290778
86.95093737254965
87.80499514972658
88.65995684964633
89.51575910051577
90.37233846823776
91.22963146111445
92.08757453455141
92.94610409576896
93.80515650851562
94.66466809778488
95.52457515453499
96.38481394041116
97.24532069246979
98.10603162790595
98.96688294877917
99.8278108467436
100.6887515077773
101.5496411169123
102.41041586296477
103.27101194326438
104.13136556838505
104.99141296687097
105.8510903899649
106.7103341163331
107.56908045678846
108.42726575901125
109.28482641226694
110.14169885212246
110.99781956515574
111.85312509366481
112.70755204037116
113.5610370731188
114.41351692956866
115.26492842188739
116.11520844143236
116.96429396342737
117.81212205163551
118.65862986302392
119.50375465242173
120.347433777171
121.18960470176954
122.03020500250753
122.86917237209252
123.70644462426915
124.54195969842819
125.37565566420659
126.20747072607797
127.03734322793267
127.86521165764918
128.69101465165164
129.51469099945948
130.33617964822415
131.15541970725468
131.97235045253078
132.78691133120375
133.59904196608602
134.40868216012439
135.21577190086347
136.0202513648935
136.82206092228466
137.6211411410069
138.41743279133493
139.2108768502398
140.00141450576177
140.78898716137104
141.5735364403105
142.35500418992305
143.13333248596177
143.9084636368836
144.680340188125
145.44890492636225
146.21410088374995
146.97587134214513
147.73415983731098
148.48891016310205
149.2400663756304
149.98757279741199
150.73137402149493
151.47141491556437
152.20764062603047
152.93999658209378
153.6684284997903
154.39288238601506
155.1133045425239
155.82964156991505
156.54184037158518
157.24984815766652
157.95361244893923
158.65308108072145
159.34820220673583
160.03892430295213
160.7251961714075
161.4069669439998
162.08418608625902
162.75680340109278
163.42476903250719
164.08803346930205
164.74654754874075
165.40026246019517
166.0491297487621
166.69310131885607
167.33212943777374
167.96616673923222
168.59516622687983
169.21908127777937
169.83786564586495
170.4514734653683
171.05985925421953
171.66297791741803
172.26078475037508
172.85323544222746
173.44028607912156
174.02189314746948
174.59801353717273
175.1686045448189
175.73362387684625
176.2930296526792
176.846780407832
177.39483509698263
177.93715309701483
178.47369421002992
179.00441866632522
179.5292871273427
180.0482606885846
180.5613008824971
181.06836968132177
181.56942949991384
182.06444319852915
182.55337408557568
183.03618592033408
183.51284291564363
183.98330974055506
184.44755152294908
184.90553385212132
185.3572227813334
185.80258483032827
186.2415869878123
186.67419671390223
187.10038194253707
187.52011108385472
187.9333530265335
188.34007714009886
188.74025327719264
189.13385177580852
189.5208434614903
189.90119964949454
190.27489214691656
190.6418932547802
191.0021757700914
191.35571298785368
191.70247870304826
192.04244721257618
192.37559331716352
192.70189232322923
193.0213200447153
193.33385280488022
193.63946743805283
193.93814129135018
194.2298522263564
194.5145786207637
194.792299369975
195.06299388866833
195.32664211232273
195.5832244987052
195.83272202931937
196.0751162108154
196.31038907636045
196.53852318697054
196.7595016328032
196.97330803441073
197.1799265439547
197.37934184638004
197.57153916055057
197.7565042403446
197.93422337571081
198.10468339368452
198.26787165936395
198.42377607684722
198.57238509012825
198.71368768395376
198.84767338463976
198.97433226084763
199.09365492432042
199.2056325305787
199.31025677957626
199.40751991631504
199.49741473142018
199.57993456167438
199.65507329051167
199.72282534847088
199.78318571360845
199.83614991187068
199.88171401742534
199.91987465295256
199.95062898989545
199.97397474866938
199.9899101988312
199.99843415920753
199.99954599798218
199.993245632743
199.97953353048803
199.95841070759084
199.92987872972532
199.89393971174945
199.85059631754868
199.7998517598384
199.7417097999258
199.6761747474311
199.60325145996825
199.52294534278457
199.43526234836034
199.34020897596753
199.2377922711879
199.1280198253911
199.0108997751717
198.88644080174618
198.7546521303094
198.61554352935096
198.469125309931
198.31540832491584
198.15440396817377
197.9861241737304
197.81058141488398
197.62778870328106
197.43775958795183
197.24050815430596
197.0360490230886
196.8243973492963
196.60556882105422
196.379579658453
196.1464466123464
195.90618696310995
195.6588185193598
195.4043596166331
195.14282911602817
194.87424640280744
194.59863138495993
194.31600449172583
194.02638667208214
193.72979939319
193.42626463880353
193.11580490763987
192.79844321171225
192.47420307462386
192.14310852982425
191.80518411882798
191.46045488939552
191.10894639367683
190.75068468631673
190.38569632252458
190.0140083561053
189.63564833745443
189.2506443115157
188.85902481570258
188.460818877783
188.05605601372713
187.64476622552064
187.2269799989401
186.80272830129354
186.37204257912512
185.93495475588412
185.49149722955906
185.04170287027532
184.58560501786
184.1232374793699
183.65463452658588
183.1798308934725
182.69886177360354
182.2117628175534
181.71857013025397
181.2193202683196
180.7140502373366
180.2027974891205
179.6855999189401
179.16249586270854
178.63352409414162
178.09872382188428
177.55813468660327
177.0117967580503
176.45975053209116
175.90203692770407
175.3386972839469
174.76977335689296
174.195307316536
173.61534174366386
173.02991962670336
172.4390843585332
171.84287973326758
171.2413499430104
170.63453957457926
170.02249360620118
169.4052574041774
168.78287671952245
168.15539768457182
167.52286680956294
166.88533097918753
166.24283744911656
165.5954338424977
164.94316814642445
164.28608870838065
163.6242442326559
162.95768377673573
162.28645674766528
161.61061289838727
160.93020232405428
160.24527545831467
159.55588306957583
158.86207625724006
158.1639064479172
157.4614253916129
156.75468515789254
156.0437381320222
155.32863701108462
154.60943480007464
153.88618480796947
153.15894064377744
152.42775621256442
151.6926857114582
150.95378362563167
150.2111047242629
149.46470405647744
148.7146369472668
147.9609589933877
147.20372605924132
146.44299427273245
145.6788200211094
144.91125994678325
144.14037094313127
143.3662101502785
142.5888349508629
141.8083029657817
141.02467204992078
140.238000287866
139.44834598959835
138.65576768617046
137.86032412537028
137.06207426736495
136.26107728033116
135.45739253606928
134.65107960560258
133.8421982547622
133.03080843975556
132.21697030272455
131.40074416728606
130.5821905340611
129.76137007619047
128.93834363483728
128.11317221467772
127.28591697937793
126.45663924706243
125.62540048576761
124.79226230888604
123.95728647059946
123.12053486130146
122.28206950301036
121.44195254477054
120.60024625804797
119.75701303211306
118.9123153694166
118.0662158809569
117.21877728163894
116.3700623856261
115.5201341016829
114.66905542851407
113.81688945009358
112.96369933098907
112.1095483116799
111.25449970386964
110.39861688579361
109.54196329751973
108.68460243624828
107.82659785160395
106.96801314092572
106.10891194455293
105.24935794110803
104.38941484277697
103.52914639058528
102.66861634967556
101.80788850457961
100.94702665449098
100.08609460853596
99.22515618104394
98.36427518681732
97.50351543640177
96.642940731355
95.78261485951978
94.92260159029445
94.06296466990648
93.20376781668746
92.34507471635017
91.48694901726839
90.62945432575766
89.77265420136288
88.91661215214558
88.06139162997694
87.20705602583465
86.35366866510415
85.50129280288517
84.64999161930172
83.79982821482113
82.95086560557549
82.10316671869107
81.25679438762407
80.4118113475032
79.56828023047998
78.72626356108489
77.88582375159501
77.04702309740642
76.20992377241717
75.37458782441873
74.54107717049686
73.70945359244254
72.87977873217118
72.05211408715562
71.2265210058664
70.40306068322488
69.58179415606725
68.76278229862037
67.94608581798994
67.13176524965947
66.31988095300517
65.51049310682066
64.70366170485676
63.89944655137451
63.09790725671247
62.29910323286844
61.503093689094506
60.70993762751022
59.91969383872793
59.132420897495386
58.34817715835408
57.56702075131383
56.78900957754406
56.01420130508236
55.2426533645587
54.47442294494044
53.70956698929212
52.94814219055497
52.19020498734471
51.4358115597682
50.68501782525953
49.937879434434066
49.19445176696532
48.454789927478906
47.71894874146827
46.98698275123097
46.258946211825815
45.53489308705171
44.81487704544649
44.09895145631067
43.38716938575047
42.67958359274458
41.97624652523366
41.27721031623278
40.58252677996739
39.892247408031636
39.206423365573414
38.525105487500724
37.84834427471395
37.1761898903626
36.50869215612713
35.84590054852629
35.18786419524871
34.534631871513085
33.88625199645179
33.24277262952209
32.604241466944046
31.97070583816496
31.342212702351603
30.718808644908393
30.10053987402594
29.487452217254955
28.879591118109687
28.277001632699424
27.67972842638902
27.08781577048825
26.50130753896947
25.920247205216967
25.34467783880369
24.774642102298955
24.210182248106364
23.651340115331834
23.098157126682636
22.55067428539617
22.008932172202023
21.472970942313182
20.94283032244978
20.418549607894548
19.900167659580063
19.387722901208335
18.88125331640302
18.38079644589297
17.88638938473109
17.398068779543777
16.91587082581485
16.43983126520267
15.969985382890826
15.506368004972998
15.04901349587071
14.597955755787325
14.15322821819457
13.71486384735448
13.28289513587606
12.857354102306857
12.43827228875979
12.02568075857458
11.619610094016181
11.220090394007372
10.827151271897804
10.4408218532691
10.061130773775943
9.688106177023698
9.32177571248171
8.96216653343481
8.609305294970014
8.263218152000945
7.923930757329188
7.591468259742797
7.265855302152346
6.947116019763897
6.635274038290689
6.330352472201568
6.0323739230076825
5.741360477587293
5.457333706548624
5.180314662631076
4.910323879144357
4.6473813684470855
4.391506620463133
4.142718601236922
3.9010357515277008
3.666475985442716
3.4390566891093783
3.2187947193862385
3.005706402614095
2.7998075334053993
2.6011133734736944
2.4096386505023446
2.2253975570528866
2.0484037495130423
1.878670347084551
1.7162099308104644
1.5610345426430001
1.4131556845507447
1.27258431766613
1.1393308614729136
1.0134051930340178
0.8948166462592866
0.7835740112135738
0.6796855334654026
0.583158913475657
0.49400130602681713
0.41221931969266734
0.3378190163483765
0.270805910721279
0.21118496998198566
0.15896061337636525
0.11413671189782804
0.07671658800049386
0.046703015352861144
0.02409821863228956
0.008903873360040393
0.0011211057770736943
0.0007504927606163392
0.007792061781401571
0.022245290901594217
0.04410910881351526
0.07338189491900948
0.11006147944956979
0.15414514362726095
0.20562961986610162
0.2645110920143452
0.3307851956373469
0.40444701834103114
0.4854911001360449
0.5739114338423832
0.6697014655348283
0.772854095028535
0.883361676405471
1.0012160185810473
1.1264083859113327
1.2589294988405157
1.3987695345886948
1.5459181278801708
1.7003643717114443
1.8620968181598698
2.031103479232101
2.207371827752766
2.3908887982929485
2.5816407881386283
2.779613658298871
2.984792734554219
3.1971628085438084
3.4167081388930143
3.6434124523801756
3.877258945142785
4.118230283923012
4.366308607352423
4.621475527276289
4.883712130115967
5.152998978271214
5.429316111560837
5.712643048702191
6.002958788829346
6.300241813049539
6.6044700860387024
6.9156210576740875
7.233671664706193
7.558598332468094
7.89037697662296
8.228983004949157
8.57439131916297
8.926576316779531
9.285511893009641
9.651171442695315
10.02352786228171
10.402553551826017
10.78822041704332
11.180499871388832
11.57936283817736
11.984779752737737
12.396720564604692
12.815154739746205
13.24005126282674
13.671378639506202
14.109104898774106
14.553197595320157
15.003623811938056
15.460350161966105
15.923342791761769
16.392567383210974
16.867989156271776
17.349572871552283
17.837282832923336
18.331082890163273
18.830936441638272
19.336806437015113
19.84865538000747
20.366445331155205
20.890137910636284
21.41969430111253
21.95507525060549
22.496241075406772
23.043151663019287
23.595766475130446
24.154044550617016
24.717944508581198
25.287424551417672
25.862442467912672
26.44295563637141
27.028921027778097
27.62029520898534
28.217034345933314
28.81909420689894
29.426430165774192
30.03899720537487
30.656749920775866
31.279642522677776
31.9076288408005
32.540662327305654
33.17869606024672
33.82168274704675
34.469574728004886
35.12232397982743
35.77988211918847
36.44220040631594
37.10922974860428
37.780920704253354
38.45722348593286
39.13808796447383
39.82346367258268
40.513299808583014
41.207545240180934
41.90614850825505
42.60905783067081
43.316221106118356
44.02758591797563
44.7430995381918
45.46270893119683
46.18636075783221
46.914001379304715
47.64557686116211
48.38103297729069
49.120315213935775
49.86336877374069
50.6101385798096
51.36056927978965
52.11460524997386
52.87219059942403
53.63326917411322
54.39778456108928
55.165680092654426
55.936898850566834
56.71138367025925
57.48907714507616
58.269921630528884
59.053859248568386
59.84083189187492
60.630781228166455
61.42364870452043
62.21937555171513
63.01790278858546
63.8191712263948
64.6231214732222
65.42969393836434
66.2388288367538
67.05046619338854
67.86454584777874
68.68100745840559
69.49979050719408
70.32083430399867
71.14407799110144
71.96946054772445
72.7969207945506
73.62639739825981
74.45782887607481
75.29115360031847
76.1263098029817
76.9632355803015
77.80186889735089
78.64214759263493
79.48400938269965
80.32739186674837
81.17223253126693
82.0184687546574
82.86603781187932
83.71487687910052
84.56492303835154
85.41611328219084
86.26838451837452
87.12167357453303
87.97591720285354
88.83105208476772
89.68701483564647
90.54374200949601
91.40117010366208
92.25923556353652
93.11787478726812
93.97702413047693
94.83661991097138
95.69659841346994
96.55689589432181
97.41744858623306
98.27819270299294
99.13906444420182
99.99999999999987
