35397.16
35808.59
35808.59
36246.14
36246.14
36403.7
36403.7
36150.2
36150.2
35790.55
35790.55
34066.95
34066.95
3608.061
3624.368
3537.64
3587.344
3662.088
3658.634
3622.148
3591.48
3638.559
3635.781
3522.328
3458.631
3354.758
9602.4
9895.9
9915.9
9726.6
9626.5
9966.1
10008.5
9911.7
9760.7
9968.2
10089.1
10005.9
9823.3
2336.56
2373.14
2457.51
2586.0
2237.7
2877.94
2497.74
3525.34
3053.33
3151.07
3425.79
3505.61
4098.69
1499.0
1734.0
1391.0
1833.0
1637.0
2122.0
1757.0
2079.0
2477.0
1957.0
1907.0
1752.0
1330.0
502.0
568.0
528.0
632.0
606.0
785.0
779.0
834.0
906.0
1372.0
1080.0
938.0
752.0
3117.0
2579.0
3199.0
1716.0
4558.0
3001.0
3263.0
3110.0
5899.0
7148.0
4048.0
2707.0
2579.0
3430.0
2870.0
4620.0
4890.0
7470.0
6960.0
6430.0
3970.0
3650.0
5730.0
4500.0
2870.0
3270.0
8100.0
7481.0
8953.0
8087.0
9724.0
8993.0
10011.0
9705.0
8397.0
7560.0
8669.0
7574.0
7106.0
5122.14
5104.68
5104.68
5104.68
5565.7
5565.7
5565.7
5565.7
5565.7
5544.94
5544.94
5544.94
5544.94
337.19
359.52
357.62
368.22
328.77
391.31
340.06
323.19
323.3
339.94
316.45
295.99
280.07
1092.0
1085.0
1078.0
1071.0
1064.0
1057.0
1050.0
1043.0
1092.0
1085.0
1078.0
1071.0
1064.0
2373.445
2373.105
2453.974
2390.353
2324.83
2337.239
2375.971
2398.802
2350.108
2363.517
2484.652
2558.814
2653.311
2341.516
2407.573
2435.3
2361.92
2310.927
2322.117
2408.718
2476.214
2361.203
2393.436
2552.503
2554.351
2500.651
4231.0
4311.68
3848.09
4149.38
3633.49
3553.49
3743.59
4626.91
4235.48
4288.81
5601.72
5737.57
5232.13
4231.0
4311.68
3848.09
4149.38
3633.49
3553.49
3743.59
4626.91
4235.48
4288.81
5601.72
5737.57
5232.13
12027.16
12027.2
12027.24
11985.62
11985.74
12432.86
12432.99
12418.26
12418.32
12418.37
12418.43
12418.49
12323.22
4334.57
4334.61
4334.65
4351.65
4351.77
3846.99
3954.85
3996.48
3992.55
3992.61
3992.68
3992.75
4029.96
2754.0
3035.0
2591.0
2808.0
2324.0
4033.0
3146.0
3402.0
3677.0
4790.0
7520.0
4445.0
2960.0
3942.0
4184.0
3374.0
4291.0
2657.0
4258.0
4050.0
3730.0
3311.0
3154.0
4551.0
4677.0
3944.0
2203.0
2234.0
1786.0
2582.0
2838.0
2949.0
2483.0
2184.0
3809.0
3395.0
3194.0
2744.0
2054.0
3780.0
4430.0
3380.0
4100.0
2710.0
3980.0
3720.0
3300.0
3460.0
2760.0
4730.0
3930.0
3180.0
753.8
767.6
722.9
769.5
536.6
756.4
813.0
732.2
617.9
617.0
901.1
872.9
739.2
6510.0
6109.0
5215.0
6798.0
4354.0
10041.0
7637.0
6137.0
7002.0
8575.0
19189.0
12646.0
6956.0
1431.0
1679.0
1348.0
1870.0
2110.0
2492.0
2701.0
2649.0
2745.0
2676.0
3017.0
2669.0
2017.0
2672.0
3061.0
2947.0
4293.0
3409.0
4660.0
5136.0
6235.0
5580.0
4585.0
6168.0
4943.0
3945.0
2144.0
2144.0
1752.0
2314.0
2645.0
2643.0
3120.0
3302.0
3802.0
2762.0
3713.0
4473.0
2643.0
7793.0
3341.0
3003.0
3507.0
2555.0
3167.0
3300.0
3507.0
8089.0
8507.0
5611.0
4081.0
3025.0
851.0
1017.0
907.0
1075.0
833.0
1716.0
1339.0
1312.0
1345.0
1322.0
2142.0
1732.0
1143.0
3623.0
4016.0
3075.0
4373.0
3773.0
5121.0
4129.0
4785.0
6509.0
7561.0
6183.0
5485.0
4223.0
708.0
829.0
796.0
1026.0
1483.0
1412.0
1665.0
1696.0
2150.0
1948.0
1778.0
1156.0
1053.0
5029.0
3990.0
5803.0
3980.0
6833.0
5247.0
6023.0
7372.0
6529.0
7042.0
6642.0
6607.0
7307.0
1635.1
1470.0
1831.2
1860.7
2952.6
2076.0
1926.5
2127.6
2526.5
3130.5
2901.6
1965.4
1930.4
1528.0
1485.0
1676.0
1434.0
2556.0
2017.0
1752.0
1575.0
1478.0
2618.0
2045.0
1480.0
1464.0
1240.0
938.0
1641.0
1225.0
2143.0
2298.0
1561.0
1253.0
1257.0
2191.0
2137.0
1662.0
1565.0
18469.2
14697.3
14490.1
16890.6
13307.5
11488.0
11021.4
13786.0
17773.2
20125.2
13053.1
14418.3
18561.2
2891.8
2870.0
2839.7
2925.6
2858.2
2873.3
2857.3
2832.8
2818.5
2843.0
2863.1
2838.6
2827.4
3050.13
2991.26
2966.63
3079.93
3027.55
3046.13
3052.31
3028.4
3042.15
3060.21
3044.19
3005.94
2999.31
5820.04
5811.86
5764.85
5774.63
5782.51
5729.81
5736.21
5784.8
5783.06
5742.76
5732.81
5730.19
5678.13
5816.795
5807.545
5761.31
5766.93
5777.23
5727.54
5732.42
5780.82
5776.885
5739.61
5732.305
5721.025
5674.69
6138.53
6046.39
6014.57
6020.12
6111.92
6065.35
6090.68
6170.24
6206.4
6161.53
6092.33
6028.87
6039.88
6145.38
6055.38
6021.96
6036.22
6123.1
6070.16
6098.74
6178.74
6219.68
6168.3
6093.4
6048.22
6047.21
6141.955
6050.885
6018.265
6028.17
6117.51
6067.755
6094.71
6174.49
6213.04
6164.915
6092.865
6038.545
6043.545
5813.55
5803.23
5757.77
5759.23
5771.95
5725.27
5728.63
5776.84
5770.71
5736.46
5731.8
5711.86
5671.25
2934.68
2967.95
3071.57
3101.51
3101.51
3136.93
3189.06
3165.62
3069.02
2990.9
2965.64
2997.27
3001.98
3156.835
3088.77
3129.65
3163.045
3114.31
3110.356
3123.937
3136.711
3158.378
3095.771
3042.689
3026.794
3062.599
2933.38
2967.36
3070.66
3098.73
3098.73
3134.37
3186.88
3164.56
3067.65
2988.52
2963.47
2994.78
2999.43
2964.555
2996.025
3000.705
2941.08
2935.96
2938.24
2936.72
2936.66
2882.2
2862.63
2867.64
2875.68
2871.67
3193.28
3248.07
3406.28
3378.86
3335.78
3331.52
3375.54
3365.51
3264.59
3155.58
3087.64
3128.35
3161.7
3194.69
3248.72
3407.29
3381.89
3338.78
3334.24
3377.85
3366.64
3266.05
3158.09
3089.9
3130.95
3164.39
6549.4
6749.6
6672.9
6664.1
6601.3
6601.8
6483.1
6488.7
6431.8
6468.2
6418.9
6383.5
6403.6
6980.8
7049.9
6985.1
7060.9
7021.9
7015.0
6921.2
6940.5
6942.0
6894.3
6783.9
6801.8
6773.4
1915.5
1845.1
1867.4
2142.0
2309.8
2248.6
2182.6
2050.6
1986.8
1865.6
1912.3
1982.7
1933.5
2483.0
2491.0
2474.0
2491.0
2483.0
2460.0
2473.0
2448.0
2429.0
2411.0
2434.0
2445.0
2439.0
5056.0
4936.0
4551.0
4461.0
4515.0
4725.0
4863.0
5097.0
5191.0
5195.0
5328.0
5342.0
5207.0
3030.0
3099.0
3193.0
3261.0
3334.0
3440.0
3538.0
3633.0
3733.0
3814.0
3877.0
3929.0
3978.0
2070.0
1970.0
1830.0
1730.0
1640.0
1550.0
1500.0
1460.0
1460.0
1390.0
1370.0
1370.0
1410.0
3485.0
3651.0
3681.0
3704.0
3737.0
3907.0
3747.0
3820.0
3842.0
3649.0
3414.0
3116.0
2984.0
2350.0
2040.0
2030.0
1600.0
1160.0
2140.0
2780.0
1910.0
2180.0
2170.0
2010.0
1690.0
1880.0
9160.47
9180.81
9257.59
9244.22
9195.97
9383.28
9480.43
9506.87
9431.19
9450.03
9630.17
9660.81
9601.98
10128.3
10802.8
10802.8
10971.1
10971.1
10436.8
10436.8
11025.5
11025.5
10135.8
10135.8
10934.7
10934.7
7208.8
7061.6
7061.6
7018.9
7018.9
7157.6
7157.6
7144.4
7144.4
7536.5
7536.5
7620.1
7620.1
6062.1
6110.6
6110.6
6119.9
6119.9
6115.9
6115.9
6194.7
6194.7
6386.4
6386.4
6649.3
6649.3
14834.0
12734.0
12772.0
13825.0
15080.0
12824.0
12879.0
13769.0
14767.0
13645.0
12832.0
13629.0
15073.0
20461.0
17999.0
18027.0
19270.0
20726.0
18118.0
18144.0
19242.0
20438.0
19136.0
18135.0
19163.0
20871.0
7318.7
7580.2
7605.2
7418.2
7320.8
7633.4
7663.4
7564.1
7418.4
7616.0
7729.0
7645.0
7464.2
13361.0
13641.0
13485.0
13635.0
13869.0
13787.0
13846.0
13810.0
13958.0
13995.0
13987.0
14185.0
14413.0
6925.91
6949.42
6997.28
7002.45
6998.8
6970.53
7019.43
7039.14
7041.96
6974.79
6967.61
6968.64
6957.49
6930.32
6983.87
7009.79
7004.0
7003.5
6971.28
7036.53
7049.97
7035.15
6965.37
6967.94
6962.49
6960.41
2612.74
2607.29
2583.84
2601.24
2597.5
2591.6
2648.13
2649.71
2654.19
2655.63
2614.58
2613.64
2614.93
1930.0
1927.0
1927.0
1907.0
1906.0
1903.0
1903.0
1902.0
1897.0
1897.0
1896.0
1893.0
1892.0
1930.0
1927.0
1927.0
1907.0
1906.0
1903.0
1903.0
1902.0
1897.0
1897.0
1896.0
1893.0
1892.0
1930.0
1927.0
1927.0
1907.0
1906.0
1903.0
1903.0
1902.0
1897.0
1897.0
1896.0
1893.0
1892.0
4494.5
3936.22
4013.09
3951.31
3701.88
3380.45
3652.31
3893.49
4156.82
4353.71
4927.72
5405.49
6528.25
23442.9
23935.8
24274.4
23870.6
23235.6
23930.5
25498.8
25416.7
23773.6
25931.8
25269.5
24984.5
25674.5
440.0
440.0
440.0
440.0
440.0
440.0
440.0
440.0
240.0
240.0
240.0
240.0
240.0
3977.66
4541.82
5291.64
4690.9
4198.24
4610.46
4725.98
4681.88
3926.7
3826.87
4457.07
4650.71
4440.09
3923.9
4525.96
5268.49
4149.73
4106.37
4300.7
4930.68
4726.57
3929.57
4190.49
4428.39
4249.56
4221.58
1560.0
1720.0
1770.0
1820.0
1860.0
1930.0
1790.0
1660.0
1620.0
1600.0
1590.0
1640.0
1670.0
1720.0
1760.0
1810.0
1840.0
1950.0
1820.0
1670.0
1620.0
1600.0
1580.0
1640.0
1660.0
1760.0
23057.9
24044.6
23942.2
23970.5
23519.0
23811.9
24756.7
24982.2
24388.4
24379.1
25518.2
24728.0
25659.7
4417.421
4434.675
4430.035
4412.757
4414.728
4419.787
4422.151
4410.932
4409.458
4417.371
4423.566
4427.224
4414.39
6001.5
5974.5
5931.6
6028.6
6053.0
6064.0
6017.2
5972.1
5997.6
5991.1
5939.8
5939.5
5940.6
6016.7
5923.8
5945.0
6050.1
6069.5
6022.3
5944.7
5985.6
5996.0
5978.0
5937.4
5937.5
5944.0
17289.0
17312.0
17335.0
17364.0
17429.0
17501.0
17567.0
17632.0
17683.0
17718.0
17753.0
17791.0
17808.0
17297.0
17320.0
17344.0
17385.0
17454.0
17522.0
17601.0
17661.0
17696.0
17731.0
17766.0
17801.0
17791.0
1094.56
1094.52
1092.83
1091.55
1098.78
1099.02
1096.83
1093.89
1089.57
1099.3
1098.45
1095.05
1088.79
12154.01
12042.04
12027.43
11998.81
12089.79
12025.85
12079.76
12053.18
12179.34
12133.8
12093.14
12163.75
12117.78
1185.62
1180.63
1201.97
1132.26
1087.99
1095.31
1151.72
1115.15
1107.33
1089.42
1084.26
1103.96
1071.63
1828.128
1861.782
1872.236
1854.954
1852.089
1854.091
1868.669
1893.618
1859.457
1860.784
1871.368
1829.142
1818.838
19466.9
19798.45
19924.33
19681.8
19608.88
19636.22
19838.41
20051.33
19701.9
19697.26
19797.94
19395.38
19260.01
21837.03
22832.08
22198.61
22399.36
22658.55
22969.77
22908.66
22311.88
21853.35
22670.54
22686.31
21102.33
21032.34
1748.563
1753.833
1740.646
1741.955
1753.649
1760.835
1747.62
1745.674
1751.342
1758.483
1747.428
1749.617
1753.035
1802.54
1986.53
1931.14
1831.39
1948.19
1948.12
2000.27
2077.83
2068.5
2093.54
2174.32
2052.07
2108.0
1621.22
1764.77
1679.71
1638.8
1728.67
1733.06
1799.69
1857.32
1899.37
1907.46
1936.32
1863.71
1912.86
11355.272
11385.864
11303.634
11309.627
11397.101
11427.142
11459.31
11388.745
11451.752
11478.884
11545.812
11497.115
11568.007
447.83
454.85
482.02
472.14
455.09
481.15
524.38
519.49
485.51
467.8
486.97
483.66
457.56
584.3
590.59
610.91
597.94
585.15
610.26
651.93
646.63
617.37
598.04
617.17
615.46
586.87
14837.74
14751.79
14883.29
15009.8
14963.45
14930.14
14847.66
14828.55
14864.72
14893.35
14811.6
14898.23
14855.39
11474.49
11875.5
11517.02
11305.8
11423.14
11647.5
11632.38
11729.89
11679.04
11740.51
11934.32
11741.1
11634.37
9871.498
9910.685
9815.305
9808.647
9900.756
9934.128
9974.544
9905.89
9965.28
9989.549
10064.652
10007.292
10082.468
16004.79
15859.41
15729.3
15616.87
15749.81
15642.21
15716.89
15789.79
15961.13
15986.34
15871.65
15813.95
15743.94
4153.94
4375.42
4063.47
3975.35
4202.22
4212.67
4171.08
4025.43
4260.1
4159.33
4272.43
3968.74
3905.78
1026.84
1019.01
1009.31
1003.54
1007.61
1004.8
998.68
991.28
991.98
988.73
979.2
976.82
968.28
9135.8
9155.8
9123.07
9168.48
9097.38
9109.48
9061.98
9058.14
9033.5
9064.66
9038.48
9025.31
9001.11
2162.966
2167.806
2153.199
2154.003
2164.848
2171.359
2157.906
2154.995
2160.496
2165.439
2154.43
2155.905
2159.078
24019.73
23983.72
24168.42
24240.09
24481.23
24419.29
24441.25
24333.51
24398.35
24222.27
24359.23
24297.26
24345.73
15926.84
16078.017
15963.238
15970.428
16056.811
16086.342
16092.328
16042.099
16027.739
16096.719
16115.75
15955.488
15951.666
14171.645
14318.713
14198.442
14206.103
14300.423
14334.406
14340.354
14293.978
14288.988
14354.158
14370.531
14207.81
14198.367
7331.84
7307.69
7396.85
7438.91
7519.81
7592.29
7571.98
7464.36
7484.2
7484.94
7528.27
7483.09
7522.26
1080.57
1080.53
1078.63
1077.26
1084.46
1084.89
1082.71
1079.78
1076.06
1085.53
1084.67
1081.1
1074.27
9609.45
9520.42
9512.01
9471.4
9562.31
9488.15
9556.86
9534.86
9647.41
9594.13
9576.58
9662.18
9644.83
754.7
766.1
766.27
714.66
682.99
700.3
763.74
747.68
742.31
717.41
712.44
734.81
726.45
10463.22
10370.99
10322.48
10331.1
10275.58
10318.71
10216.97
10282.47
10238.62
10071.88
10200.06
10227.22
10233.33
11217.92
11137.09
11088.75
11045.76
10958.57
11019.01
10980.71
11030.15
10980.93
10789.29
10912.5
10962.03
10959.78
14539.1
14894.1
13984.77
13907.03
14293.59
14685.26
15017.67
14100.07
14408.13
14676.51
15205.38
13875.72
14094.91
7037.56
7043.25
7026.12
7062.94
7075.16
7057.07
7064.06
7097.6
7249.93
7267.89
7328.08
7388.03
7480.86
1747.852
1753.13
1739.954
1741.265
1752.962
1760.145
1746.934
1744.992
1750.66
1757.801
1746.75
1748.939
1752.358
1029.75
1180.41
1140.58
1060.38
1154.44
1152.64
1175.8
1244.19
1225.38
1262.37
1332.13
1221.9
1270.41
855.09
989.28
916.28
889.25
943.99
943.1
996.81
1044.71
1069.8
1090.56
1126.05
1064.67
1106.98
10465.971
10496.016
10403.031
10399.53
10497.08
10528.68
10569.283
10488.464
10554.103
10585.971
10651.968
10589.396
10672.134
329.99
321.94
332.45
333.74
338.72
353.4
396.27
383.57
366.9
359.23
363.53
378.46
369.19
440.2
431.45
435.3
432.77
440.92
454.74
497.32
484.31
473.21
461.88
466.64
483.21
471.99
8434.6
8404.06
8370.62
8440.35
8445.77
8485.14
8424.83
8351.47
8365.51
8411.94
8472.83
8434.49
8421.44
10927.21
11218.64
10974.46
10771.82
10862.93
11054.22
11031.79
11089.91
11069.27
11163.08
11300.69
11152.85
11055.06
9622.511
9655.61
9565.969
9555.495
9652.503
9680.166
9726.8
9653.317
9717.552
9744.777
9804.685
9745.947
9829.99
11173.39
10918.46
10850.02
10756.78
10815.1
10764.33
10842.66
10886.6
10968.92
11026.69
11039.92
11213.69
11323.96
3659.91
3836.54
3603.72
3518.12
3731.7
3682.25
3703.91
3552.16
3731.15
3699.87
3741.75
3541.9
3452.87
1007.32
1000.05
990.76
985.07
988.6
986.32
981.23
974.06
974.39
971.47
961.91
960.25
951.77
8142.17
8164.91
8155.02
8197.46
8121.84
8135.96
8115.75
8106.23
8078.34
8105.2
8077.74
8059.49
8032.97
2161.865
2166.713
2152.117
2152.923
2163.772
2170.279
2156.83
2153.923
2159.431
2164.374
2153.369
2154.844
2158.018
22735.69
22695.8
22873.78
22912.73
23157.6
23052.45
23109.41
23066.29
23133.89
22943.61
23070.07
23056.38
23135.75
13883.352
13943.084
13817.27
13799.658
13890.442
13929.041
13978.179
13895.258
13956.526
13983.295
14057.238
13958.295
14011.606
12132.819
12188.302
12057.06
12039.798
12138.491
12181.638
12230.64
12151.594
12222.102
12245.022
12316.353
12215.006
12262.678
6190.89
6166.87
6248.29
6256.87
6346.31
6377.59
6382.05
6333.99
6350.53
6326.36
6362.01
6363.97
6432.69
6432.1
6492.9
6523.6
6596.4
6759.9
6701.7
6745.7
6721.2
6644.0
6667.8
6661.7
6458.5
6508.5
7126.057
7071.44
7078.15
7037.05
7071.02
7029.9
7096.12
7087.92
7166.37
7130.38
7131.41
7203.06
7162.08
387.13
396.14
404.7
363.68
322.02
328.5
392.13
382.78
364.21
339.84
334.59
363.64
337.18
7833.402
7763.08
7697.07
7691.19
7674.28
7754.88
7648.39
7689.17
7639.02
7478.78
7613.66
7563.24
7531.5
8220.532
8159.22
8101.77
8054.87
7996.3
8083.38
8040.52
8071.95
8003.23
7818.62
7948.25
7926.88
7868.68
10971.829
11241.17
10370.0
10322.61
10592.83
10873.84
11160.36
10316.67
10680.77
10809.59
11455.11
10315.26
10644.41
5388.424
5388.93
5368.95
5390.96
5401.97
5389.98
5392.11
5412.92
5525.45
5540.92
5580.59
5622.11
5684.54
11374.106
11419.08
11304.46
11312.03
11412.35
11481.37
11381.15
11365.37
11386.84
11445.25
11290.92
11301.3
11310.58
1005.48
1152.75
1113.19
1035.17
1124.86
1122.3
1147.56
1215.37
1191.06
1226.87
1298.58
1187.11
1237.65
8345.9
9654.6
8929.2
8681.6
9187.9
9169.4
9726.4
10199.3
10397.5
10589.6
10966.5
10340.4
10782.0
6801.5412
6826.213
6737.471
6733.834
6810.25
6824.878
6855.421
6783.048
6832.483
6856.145
6914.958
6859.368
6934.528
120.66
117.59
111.32
110.66
110.46
111.68
120.32
117.41
125.32
121.24
112.52
122.99
118.27
222.63
218.63
205.95
201.16
204.31
204.6
212.82
209.47
223.37
215.24
206.88
219.05
212.55
4374.969
4342.37
4303.19
4370.16
4392.91
4423.87
4362.98
4303.89
4317.18
4359.9
4426.36
4381.17
4372.66
8104.576
8397.21
8157.4
7991.08
8073.41
8245.39
8235.18
8301.8
8245.5
8365.11
8466.19
8322.25
8219.59
6364.0443
6391.976
6307.152
6296.818
6370.959
6382.491
6419.123
6352.659
6400.765
6420.155
6472.322
6421.251
6497.262
8624.177
8443.2
8390.94
8266.24
8299.13
8283.85
8356.8
8416.68
8466.06
8541.06
8572.49
8732.67
8749.33
2990.33
3154.84
2945.55
2862.16
3032.25
2990.3
3001.65
2879.11
3049.37
2997.1
3046.23
2862.51
2802.91
8643.9
8597.8
8504.5
8468.7
8454.0
8415.0
8361.8
8296.2
8313.1
8300.7
8219.2
8228.2
8136.1
4568.001
4591.74
4592.62
4636.82
4562.67
4572.28
4557.9
4538.75
4523.75
4521.02
4499.58
4485.14
4473.5
5432.391
5451.52
5443.07
5483.69
5408.07
5413.78
5394.08
5368.37
5355.06
5351.09
5321.5
5307.96
5287.11
1431.923
1435.919
1422.959
1423.154
1432.548
1438.745
1428.38
1425.897
1427.808
1431.297
1415.852
1416.006
1416.477
16585.796
16545.69
16718.18
16774.2
16973.97
16859.12
16888.19
16801.33
16854.51
16677.41
16792.37
16756.94
16839.65
9265.8308
9320.682
9198.628
9181.263
9248.034
9273.226
9311.038
9229.568
9282.625
9295.202
9366.068
9272.725
9316.549
8060.0957
8112.114
7987.147
7969.756
8043.952
8072.951
8110.896
8034.681
8093.054
8099.825
8169.184
8075.646
8114.811
12143.281
12130.04
12220.91
12262.51
12368.93
12230.26
12271.89
12244.95
12279.44
12134.14
12219.63
12187.07
12201.34
4442.515
4415.65
4497.27
4511.69
4605.04
4628.86
4616.3
4556.38
4575.07
4543.27
4572.74
4569.87
4638.31
3806.6
3812.9
3801.8
3787.0
3826.0
3831.2
3817.2
3802.3
3799.9
3852.0
3840.2
3822.6
3798.4
24833.93
24489.8
24338.6
24343.5
24912.9
24582.5
24607.4
24469.4
24810.4
24637.5
24451.7
24591.2
24827.5
3675.7
3699.6
3615.7
3509.8
3609.7
3718.0
3716.1
3649.0
3781.0
3775.7
3778.5
3711.7
3892.7
2629.818
2607.91
2625.41
2639.91
2601.3
2563.83
2568.58
2593.3
2599.6
2593.1
2586.4
2663.98
2701.83
2997.388
2977.87
2986.98
2990.89
2962.27
2935.63
2940.19
2958.2
2977.7
2970.67
2964.25
3035.15
3091.1
3567.271
3652.93
3614.77
3584.42
3700.76
3811.42
3857.31
3783.4
3727.36
3866.92
3750.27
3560.46
3450.5
1649.136
1654.32
1657.17
1671.98
1673.19
1667.09
1671.95
1684.68
1724.48
1726.97
1747.49
1765.92
1796.32
3593.378
3600.1
3605.11
3626.18
3631.12
3625.32
3631.86
3645.91
3674.92
3680.2
3698.89
3719.0
3754.53
6104.414
6112.22
6095.08
6100.62
6117.27
6120.08
6088.19
6084.55
6119.76
6132.76
6176.58
6188.09
6213.0
3664.4298
3669.803
3665.56
3665.696
3686.83
3703.802
3713.862
3705.416
3721.62
3729.826
3737.01
3730.028
3737.606
3696.3
3536.5
3504.4
3481.7
3684.6
3749.7
3684.8
4354.7
3618.1
4381.4
3985.8
3381.9
3209.2
2822.634
2821.43
2817.06
2780.74
2789.52
2808.83
2796.61
2788.11
2823.77
2797.97
2834.5
2830.6
2835.47
3258.4667
3263.634
3258.817
3258.677
3281.544
3297.675
3307.677
3300.658
3316.787
3324.622
3332.363
3324.696
3332.728
2549.213
2475.26
2459.08
2490.54
2515.97
2480.48
2485.86
2469.92
2502.86
2485.63
2467.43
2481.02
2574.63
6695.8
6817.0
6581.7
6559.6
6994.5
6919.5
7022.6
6730.5
6817.8
7027.7
6955.2
6793.9
6499.6
1429.3
1402.7
1403.1
1382.0
1432.0
1448.2
1450.5
1444.4
1430.8
1414.0
1399.9
1374.3
1381.6
2709.779
2713.39
2711.95
2713.77
2713.77
2722.18
2721.67
2737.86
2723.28
2754.11
2756.24
2751.53
2745.86
7299.42
7307.94
7291.58
7297.69
7312.24
7315.34
7284.5
7280.26
7316.23
7330.77
7375.17
7388.38
7415.41
8859.673
8863.5
8867.55
8852.3
8897.4
8915.51
8942.89
9002.82
9002.66
9020.31
9033.94
9050.97
9041.96
1375.3
1376.8
1377.8
1382.1
1392.3
1392.1
1472.6
1476.2
1488.5
1487.9
1491.4
1494.2
1492.8
6149.894
6150.11
6155.6
6138.53
6183.63
6193.33
6221.22
6264.96
6279.38
6266.2
6277.7
6299.44
6296.1
4617.5212
4622.402
4618.642
4618.395
4642.408
4655.815
4667.141
4665.69
4673.901
4688.093
4691.17
4685.57
4695.057
4072.7233
4076.188
4069.913
4070.042
4094.539
4108.687
4119.744
4116.913
4129.048
4145.197
4147.169
4139.36
4147.867
1748.375
1751.22
1751.02
1745.18
1741.27
1748.73
1765.75
1777.61
1775.46
1783.09
1789.27
1794.1
1794.38
942.8
948.4
944.3
940.1
945.4
960.0
936.4
939.7
939.3
934.4
920.4
913.7
937.7
2235.0
2247.0
2197.0
2225.0
2192.0
2240.0
2149.0
2191.0
2159.0
2176.0
2252.0
2201.0
2227.0
2128.0
2141.0
2165.0
2108.0
2221.0
2365.0
2180.0
2244.0
2272.0
2246.0
2038.0
1965.0
2069.0
456.6855011
460.7204403
453.8686316
441.8651676
445.577063
453.0822772
437.6623557
439.8819108
430.3451587
426.0420738
419.6364978
411.3800853
418.5663313
6635.2293
6711.3531
6879.4553
7031.4599
7280.6471
7287.6782
7199.4766
7075.0888
7495.1075
7853.2658
7738.1914
7432.3491
7384.1148
1160.330918
1165.783708
1130.218848
1144.012678
1116.237318
1143.744038
1056.720308
1119.294178
1064.618758
1048.372548
1135.591008
1105.256478
1120.579848
5897.9498
5780.9284
5693.2279
5734.5912
5836.8002
5884.0807
5840.0028
5820.8905
5977.0669
6176.512
6055.0658
6023.6219
6056.9425
483.26481
501.30087
495.69513
505.966605
490.018459
506.016419
506.059303
488.243623
494.494998
507.554868
508.900208
491.403635
498.588915
984.43264
1007.22011
977.57691
956.13304
989.18684
978.19025
972.65437
932.85298
995.85932
965.36357
978.65649
978.76934
995.1377
9829.0437
9985.4137
10293.6715
10359.0839
9848.4779
9843.3371
9851.5289
10083.1847
9901.8945
10063.8348
9912.0124
9947.1883
10295.3118
3349.318574
3535.511928
3464.898719
3501.769843
3412.296678
3438.179535
3346.9989
3340.722945
3385.474665
3372.953029
3373.89518
3370.010094
3361.798917
2494.02866
2504.633975
2516.196395
2459.919613
2562.934537
2680.654134
2526.370987
2563.657085
2549.711739
2523.642748
2295.089991
2323.388696
2404.942722
853.411584
717.379492
739.09963
715.596157
753.511419
764.419871
759.384134
791.933924
759.283655
774.301921
848.021256
804.524732
889.772763
1847.36095
1741.76012
1857.16426
1737.89313
1834.76119
1945.47024
1795.47817
1859.5506
1993.599
1853.21632
1763.33719
1134.09872
1700.70876
1967.0
2006.0
2007.0
1992.0
1974.0
1963.0
1958.0
1941.0
1986.0
1972.0
1970.0
1973.0
2025.0
4203.0
4253.0
4204.0
4217.0
4166.0
4203.0
4106.0
4133.0
4145.0
4147.0
4222.0
4175.0
4252.0
5510.0
5380.0
5370.0
5260.0
5250.0
5110.0
5260.0
5050.0
4770.0
4630.0
4340.0
4720.0
5060.0
7304.0
7318.9
7362.3
7295.9
7296.4
7304.9
7339.5
7345.8
7326.6
7325.2
7360.2
7382.9
7378.7
12491.95
13013.34
13209.75
12981.0
13537.85
13132.64
13691.5
13967.95
13867.98
13856.59
14381.13
14510.66
14226.31
1050.5
1093.4
1222.0
1223.7
1043.1
930.1
1070.1
1341.0
966.5
1052.4
938.6
1193.9
1217.3
11744.3
11322.8
11200.7
12733.5
14568.8
20567.8
16736.3
13883.6
13380.5
13299.4
15151.2
14482.4
14773.8
29018.3
25380.9
24903.8
27184.9
23801.6
22076.0
21381.2
24022.8
28176.7
30520.0
23750.7
25196.6
29393.0
4185.45
4185.45
4185.45
4185.45
4185.45
3944.18
3944.18
3944.18
3944.18
3944.18
3944.18
3944.18
3944.18
8204.21
8496.79
8690.18
8796.65
9308.62
8889.88
9285.78
9353.08
9523.59
9788.87
9638.59
9552.7
9535.58
19138.99
19322.67
19505.88
19671.03
19823.39
19748.99
19869.76
20103.52
20304.31
20497.56
20640.15
20839.37
21017.61
5461.05
5465.87
5464.51
5474.37
5898.01
5958.73
5908.25
5890.65
5889.96
5886.71
5863.1
5846.83
5831.24
3232.2
3400.7
3606.0
3686.4
3553.5
3071.9
3189.4
3471.8
3135.3
3578.1
3467.9
3637.1
3466.0
1824.5
1743.9
1794.0
1809.4
1827.3
1908.2
1847.0
1751.8
1898.1
1880.5
1978.2
1886.8
1902.4
2366.43
2369.53
2390.59
2419.53
2406.42
2491.02
2478.39
2482.26
2470.39
2449.71
2447.86
2447.49
2469.36
3140.68
3143.77
3165.33
3194.56
3177.71
3278.54
3265.51
3269.02
3257.17
3236.28
3234.39
3231.67
3247.35
9877.09
9890.943
9890.0
9800.0
9897.0
9700.0
9000.0
9700.0
9907.7
9907.0
9700.0
9910.0
9900.0
9932.821
9936.393
9000.0
9700.0
9943.0
9700.0
9940.001
9700.0
9948.552
9951.79
9000.0
9945.0
9000.0
1091.0
1084.0
1077.0
1070.0
1063.0
1056.0
1092.0
1085.0
1078.0
1071.0
1064.0
1057.0
1050.0
1820.0
1813.0
1806.0
1799.0
1792.0
1785.0
1820.0
1813.0
1806.0
1799.0
1792.0
1785.0
1778.0
7743.8
7448.1
6802.5
6961.8
7160.7
7338.7
6925.2
7142.4
7651.6
7691.4
7589.4
7706.7
7590.4
7727.1
7515.8
7002.1
7245.4
7361.2
7562.2
7879.1
8082.1
8025.9
8605.0
8503.5
8405.7
8763.5
26994.0
26695.0
28522.0
27712.0
27511.0
27231.0
27409.0
27856.0
27639.0
26848.0
27687.0
27342.0
27494.0
1706.741
1739.879
1741.962
1763.156
1740.79
1857.234
1746.231
2071.371
1997.189
2097.67
2111.099
2253.543
2460.929
1930.9
1929.5
1958.5
1935.1
1926.6
2119.8
1982.7
2016.5
2039.6
2311.4
2792.7
2319.2
2147.7
2865.2
2798.5
2576.4
2805.7
2486.0
2628.3
2494.4
2560.8
2487.5
2543.0
2524.4
2603.3
2591.2
1365.7
1392.9
1389.1
1439.9
1431.2
1665.4
1561.1
1606.1
1570.6
1804.3
1935.1
1801.3
1744.1
8171.0
8157.0
8180.0
8378.0
8086.0
8624.0
8408.0
8643.0
8586.0
8856.0
8908.0
9137.0
8873.0
465.53
438.43
443.29
443.83
391.38
476.51
405.11
448.58
416.24
441.32
428.96
432.6
449.93
3117.6
2928.4
2783.4
2987.1
2533.1
3403.5
3054.5
3060.2
3022.7
3426.2
4886.7
4280.2
3533.6
599.6
646.8
672.0
706.3
755.7
899.6
917.3
1036.2
1119.2
1283.0
1384.5
1475.1
1504.4
1880.4
1889.2
1864.5
1961.1
2009.7
2211.1
2235.0
2421.8
2774.0
3052.0
3018.4
3171.4
3206.1
1036.6
1036.6
994.0
1040.9
1024.8
1199.4
1106.1
1197.6
1296.0
1448.2
1485.5
1600.9
1695.0
2117.0
1891.1
2178.6
1910.3
1818.5
1984.8
1958.6
1953.1
2009.7
2158.7
2640.2
2550.4
2678.7
434.3
451.5
493.3
532.4
535.7
647.1
661.3
710.3
763.1
827.1
937.4
1003.0
1010.4
3265.2
3299.2
3276.9
3338.6
3299.6
3574.8
3557.3
3591.5
3690.3
3977.2
4463.9
4347.0
4358.4
1070.7
1079.0
1034.4
1099.3
1055.1
1200.8
1155.9
1202.1
1206.6
1378.2
1438.1
1340.1
1262.4
430.0
420.4
399.8
415.2
435.7
548.9
538.0
631.4
714.5
831.1
925.2
953.0
917.2
3696.0
3792.0
3780.0
3928.0
3927.0
4330.0
4349.0
4500.0
4765.0
5057.0
5945.0
5664.0
5722.0
2586.5
2560.4
2776.9
2698.6
3157.7
2938.2
3040.8
3197.8
3367.8
3726.5
3724.0
3796.8
3728.7
1040.84
1015.0
1098.25
1031.9
1168.21
1271.09
1311.2
1252.43
1363.56
1496.95
1592.62
1614.64
1511.61
1475.3
1468.6
1494.2
1447.2
1643.9
1534.3
1587.3
1580.3
1927.1
2321.8
1935.5
1728.8
1741.4
1245.0
1330.0
1551.0
1550.0
2150.0
2514.0
2855.0
3230.0
3335.0
3511.0
3890.0
3812.0
3828.0
806.8
841.6
883.8
914.1
988.6
1108.0
1183.0
1226.4
1258.0
1325.9
1434.3
1480.2
1488.3
2291.2
2266.7
2332.0
2266.8
2538.8
2482.1
2508.7
2508.2
2705.3
2972.8
3072.2
3059.0
2984.6
1138.7
1098.0
1159.8
1136.4
1476.2
1476.6
1385.7
1392.2
1435.2
1579.6
1807.3
1769.8
1686.5
4410.5
4581.6
4723.5
4791.8
5421.0
5510.5
5612.2
5829.8
6084.9
6239.6
6659.6
6860.6
6854.3
16190.4
16913.4
16913.4
17091.0
17091.0
16552.7
16552.7
17220.2
17220.2
16522.2
16522.2
17584.0
17584.0
21254.72
21655.06
21655.06
22030.28
22030.28
22104.93
22104.93
21822.79
21822.79
21445.17
21445.17
19654.69
19654.69
3446.7
3205.7
3207.3
3331.9
3479.1
3223.9
3228.3
3338.6
3461.4
3330.3
3232.7
3339.3
3518.5
6671.0
6836.0
6803.0
6884.0
6879.0
6940.0
7042.0
7117.0
7136.0
7116.0
7164.0
7197.0
7229.0
8557.6
8835.3
8859.0
8662.7
8563.5
8897.2
8930.5
8826.7
8675.2
8886.2
9003.2
8917.6
8732.1
12389.0
12551.0
12538.0
12445.0
12427.0
12637.0
12671.0
12626.0
12568.0
12702.0
12742.0
12726.0
12679.0
5953.6
5901.6
5905.5
6044.6
6050.7
5968.3
5881.8
6015.5
6050.5
6027.0
5981.2
6126.6
6147.7
1901.0
1898.0
1895.0
1884.0
1878.0
1866.0
1830.0
1829.0
1849.0
1870.0
1872.0
1874.0
1875.0
2932.0
2986.0
2914.5
3028.8
3291.8
2001.3
2192.4
2057.1
2318.1
2584.8
2583.4
2598.3
2704.1
4017.6
4017.9
4018.2
4018.8
4024.6
4026.8
4037.0
4037.9
4039.9
4041.8
4044.2
4044.3
4044.2
2097.4
2102.3
2087.1
2130.7
2087.5
2024.5
1983.4
1973.8
1998.2
1975.9
1931.8
1928.8
1940.1
6698.0
6436.0
5556.0
6939.0
6746.0
5285.0
5924.0
5200.0
6741.0
6343.0
5893.0
5953.0
5594.0
583.0
503.0
527.0
504.0
643.0
523.0
522.0
1437.0
464.0
626.0
475.0
785.0
966.0
4687.3
4661.5
4573.9
4712.8
4699.2
4555.3
4629.3
4557.9
4714.0
4676.1
4633.5
4639.5
4603.6
4382.033
4394.197
4378.668
4378.375
4378.166
4390.312
4401.788
4382.618
4382.058
4401.802
4397.108
4379.233
4378.908
2296.0
2219.6
2214.9
2044.6
2043.2
1968.0
1966.2
1746.1
1724.1
1701.4
1717.7
1603.2
1617.0
4071.7
4155.0
4247.5
4042.0
3908.2
3923.1
3563.7
3806.9
4360.7
4563.2
4354.9
4323.4
3629.0
2057.7
2149.37
2022.19
2061.06
2031.96
1904.36
1962.29
2017.42
2020.85
1963.84
1942.14
1973.34
2009.61
2072.76
2162.78
2042.96
2108.32
2022.16
1989.55
2020.05
2071.25
2013.96
1993.61
1976.23
1966.25
2030.46
3031.2
2833.0
3121.8
3662.4
3801.4
3635.9
3732.4
2989.6
4445.3
4025.2
4599.9
4366.5
3613.2
1306.27
1382.07
1271.27
1314.49
1308.47
1194.08
1259.07
1298.64
1304.74
1285.92
1251.62
1308.33
1369.04
1258.78
1335.44
1229.92
1305.02
1251.08
1192.61
1232.56
1280.13
1217.91
1237.3
1200.59
1223.0
1325.46
7727.9
8061.2
7905.6
7710.1
7937.5
7954.8
8244.7
8336.4
8431.2
8311.7
8421.9
8301.7
8375.9
7661.3
7754.9
7634.3
7495.5
7846.8
7899.6
8028.8
8126.1
8295.7
8169.0
8102.7
7990.4
8058.8
974.11
971.93
949.5
952.55
956.53
955.04
928.78
934.69
937.57
942.2
943.45
949.25
951.63
6542.2
6602.2
6631.8
6704.4
6867.5
6809.7
6853.3
6828.4
6750.5
6774.3
6767.8
6564.6
6614.5
751.43
767.3
750.92
746.57
723.49
710.28
703.22
718.78
716.11
677.92
690.52
665.01
640.57
8139.8
8273.4
8130.4
8033.0
7710.8
7969.4
7874.9
7911.2
7960.5
7563.1
7756.4
7432.5
7050.0
11409.5
11408.2
11485.6
11820.4
11735.0
12147.0
11899.3
11303.7
11336.7
11585.8
11662.6
11191.2
10895.7
3257.323
3271.85
3284.499
3248.314
3162.48
3345.109
3283.453
3260.614
3232.998
3257.269
3299.522
3306.657
3294.326
1261.984
1332.9
1226.2
1267.01
1266.63
1153.61
1217.88
1256.22
1260.13
1249.54
1214.15
1271.59
1333.46
1212.443
1284.81
1181.98
1256.58
1204.17
1146.31
1184.67
1231.88
1164.92
1195.17
1157.35
1182.41
1284.83
5447.979
5462.14
5487.29
5483.53
5478.69
5471.28
5473.97
5487.77
5448.53
5428.96
5440.01
5462.1
5471.9
1756.0
1849.0
1859.0
1774.0
1799.0
1895.0
1793.0
1730.0
1815.0
1919.0
