7290.2
7392.6
7527.6
7594.8
7720.7
7823.2
1598.0
1366.0
1288.0
1148.0
1139.0
1062.0
8440.0
8660.0
8780.0
8830.0
8990.0
9230.0
9540.0
9790.0
9940.0
9940.0
10110.0
10400.0
6840.0
7420.0
7570.0
8010.0
8240.0
8730.0
3751.79
3854.54
4003.45
4229.12
4502.05
4741.77
3169.24
3188.37
3231.05
3318.34
3430.45
3540.68
2357.8
2357.19
2359.22
2346.79
2349.57
2352.89
2234.891
2235.605
2234.682
2232.185
2217.827
2206.212
2170.204
2162.9
2181.906
2167.475
2135.708
2122.196
1442.03
1445.935
1455.686
1460.164
1462.11
1466.256
1936.0268
1957.9027
1987.1855
2016.1373
2034.6528
2060.5974
5109.5
4880.8
4991.3
5067.7
5412.5
5379.0
5198.0
4969.1
5156.8
5287.7
5609.8
5612.3
5616.4
5368.2
5739.3
5831.2
6491.5
6272.6
3063.2
2982.7
3012.5
3046.1
3171.5
3252.4
4062.8
3896.2
3931.4
3975.3
4132.9
4226.1
3517.3
3410.3
3471.0
3528.1
3651.0
3713.7
2225.75
2448.49
2404.06
2586.15
2601.35
2615.08
6618.57
7190.36
7241.79
7562.98
7534.85
7461.09
6845.8
9518.2
8390.5
9581.9
9374.1
8733.5
3489.29
3718.48
3701.49
3982.13
3999.56
4078.38
7646.5
7951.6
7434.0
7537.1
7316.3
7240.9
7298.13
7758.95
7849.52
8138.36
7924.66
7853.05
2238.35
2473.02
2449.83
2508.1
2405.14
2344.65
5727.97
5875.35
5869.78
6260.36
6221.0
6273.72
1473.95
1552.501
1564.619
1612.608
1569.061
1555.66
1382.963
1432.702
1414.062
1479.589
1456.518
1465.493
3895.531
3878.19
3902.188
3885.841
3853.194
3842.311
4326.569
4352.551
4408.16
4450.216
4490.119
4552.869
3588.233
3612.289
3641.019
3633.453
3652.999
3652.519
5092.295
5060.605
5064.938
5059.442
5048.156
5053.33
1196.91
1186.359
1186.328
1186.805
1184.368
1181.182
1610.1949
1610.8123
1627.5814
1629.4475
1632.7424
1638.7307
3206.877
3186.738
3205.148
3204.902
3208.018
3234.029
1096.0059
1092.0504
1097.9697
1095.344
1088.2221
1087.5634
3751.41
3742.367
3776.237
3798.934
3798.104
3831.152
3846.0
4348.0
5891.0
6578.0
7103.0
7965.0
3672.0
3971.0
4518.0
5347.0
5933.0
6315.0
4830.2
4971.0
5137.0
5268.8
5448.4
5606.6
14970.8
15241.0
15562.1
15822.2
16192.5
16570.4
5775.2
5813.3
5780.9
5764.6
5899.0
6061.5
2969.0
2882.0
2911.0
2891.0
2929.0
3015.0
10323.5
10611.6
10682.5
10874.6
11138.6
11303.9
10242.4
10528.1
10638.5
10796.8
11009.8
11071.6
6536.0
6627.0
6545.0
6144.0
6011.0
5925.0
6544.0
6633.0
6552.0
6151.0
6017.0
5931.0
6200.0
5910.0
5740.0
5620.0
5550.0
5580.0
2495.6
2458.7
2438.5
2433.5
2432.7
2441.1
18306.0
18044.0
17971.0
18022.0
18115.0
18214.0
8042.0
7867.0
7733.0
7749.0
7800.0
7842.0
18378.0
20472.0
22631.0
24642.0
26404.0
28928.0
19983.0
17829.0
18727.0
18762.0
15267.0
13775.0
9071.0
9765.0
10836.0
12355.0
13979.0
15927.0
2840.07
3116.18
3472.21
3803.11
4164.57
4687.12
13365.0
15405.0
17620.0
20153.0
23291.0
28244.0
2187.7
2199.6
2211.1
2283.7
2366.7
2477.4
10423.9
11126.7
11241.9
11304.6
11564.1
11253.7
10116.0
10355.7
10462.3
10518.9
10638.2
10674.7
10158.9
10411.4
10601.4
10754.8
10941.7
10991.8
10723.6
11585.6
12141.4
12129.6
12427.8
12071.4
12374.0
19998.5
19194.1
19298.3
16731.6
10097.0
10759.2
12039.8
11941.5
12122.8
12091.7
11554.0
12289.6
10000.0
11175.1
11355.5
11607.1
12471.4
9834.6
10091.5
9753.2
9170.3
8312.2
7702.7
10352.5
10810.8
11297.4
11698.9
12081.1
12792.3
10573.2
10926.4
10910.6
11052.3
11385.9
11727.0
9994.8
10327.5
10441.1
10716.0
11208.9
11345.9
10260.3
10624.7
11111.6
11113.8
11676.7
12467.4
10402.3
11053.8
11672.6
12154.8
12726.6
13657.5
8714.5
9541.0
9797.1
10591.5
11418.0
12029.9
10164.3
10184.0
10253.7
10101.8
10112.9
10359.1
11374.4
10557.0
10271.2
9743.6
9543.9
9055.8
10060.5
10683.9
10703.2
10589.9
10263.1
10462.2
9754.3
9379.4
9084.8
9028.6
9158.4
9617.7
9551.5
8804.3
8365.4
8158.1
8029.0
8272.4
9921.9
10233.8
10710.4
10730.0
10999.5
11401.0
10012.49
10425.61
10740.19
11156.42
11535.03
11810.02
4523.75
4518.98
5053.22
5712.02
6108.11
6880.9
4285.7
5165.3
5396.7
4488.9
4349.7
4169.0
4591.3
4634.52
4594.0
4471.59
4544.02
4636.48
12559.86
14452.06
15460.04
16994.23
18604.08
20098.51
9603.53
9940.24
10169.12
10500.8
10756.51
10982.52
3692.0
3717.0
3784.0
3852.0
3709.0
3761.0
1863.0
1852.0
2155.0
2152.0
2534.0
2407.0
2357.0
2666.0
3113.0
2818.0
2690.0
2745.0
9777.0
9445.0
9758.0
10945.0
12347.0
11728.0
9630.0
2950.0
8980.0
5700.0
5930.0
6760.0
591.0
749.0
3393.0
5532.0
7612.0
7419.0
7370.0
6240.0
5220.0
5770.0
5760.0
5270.0
7900.0
8100.0
8400.0
8800.0
8500.0
8800.0
1738.79
1309.25
1332.96
1671.22
1247.06
1126.32
8179.503022
7961.522124
7880.144762
7834.042281
7811.190179
7876.932044
6766.492268
6818.940605
6808.068775
6826.616113
7121.455572
7189.763667
6491.262566
6556.567073
6691.477647
6867.815696
7153.783337
7149.86989
7541.882668
7563.246815
8276.070465
8772.407446
7992.98888
8097.88432
6372.817439
6335.121402
6297.091716
6355.53714
6760.106504
6608.052647
8864.83042
9131.047774
9169.057104
9079.217031
9293.295217
9003.762213
8066.341997
8039.185746
7908.631386
7840.263257
7963.129617
7666.321479
8511.492213
8641.627995
8642.419661
8816.620618
8799.285497
8993.35407
1890.107358
2088.622714
2162.075003
2759.10773
2547.947426
2554.177494
8842.116666
8850.409191
8878.049529
8921.286405
9182.042189
9139.435762
5266.499578
5178.511666
5064.666563
5053.510339
5038.717206
5114.681166
1736.928831
1665.908761
1706.114167
1579.553209
1831.244185
1843.999151
2301.457612
2409.515782
3214.755206
3327.150411
3047.057768
3232.444424
2028.097271
2139.809885
2160.610848
1701.391832
1364.414998
1608.955005
2876.957283
2906.42791
2948.470926
2873.795766
2970.12402
3077.57496
1229.852367
1214.567813
1358.956311
1777.893165
1563.522846
2150.383616
2675.113162
2967.97814
3420.707102
3611.647303
3713.924128
3596.41535
2028.831639
2129.579591
2172.871402
2190.77729
1957.962517
1958.493502
2546.670326
2428.779618
2279.587735
2089.704454
1688.400893
2109.358266
1197.099541
1206.310052
1249.502192
1393.841685
1509.945115
1534.155809
2158.180091
2008.837288
1614.103493
1528.104912
1622.819561
1370.568808
1932.653248
2018.081695
1900.163385
1988.911009
2026.481574
1989.877657
1642.07297
1579.234943
1676.666953
1759.756835
1925.526403
1752.42188
2163.924137
2159.828904
2169.486458
2121.616695
2115.133129
2043.513552
2434.527519
2562.470298
2632.314744
3138.023916
2102.306489
2651.733213
1924.031143
2100.36408
2208.149074
2350.692709
2131.580375
2331.172094
2639.706688
2736.683628
2824.059366
2905.555888
2571.752743
2521.064767
1782.342115
1712.620388
1818.680464
1766.685248
1749.319654
1772.746154
4625.219703
4079.093067
3673.89931
3386.583883
2138.256674
2856.367602
3005.499574
3363.426434
3171.680237
3730.082271
3761.08586
4212.832161
2400.477804
2273.218998
2337.299662
2253.819172
1879.810027
1982.44989
2643.71263
1942.839885
2125.509973
2539.528574
2605.021933
2415.910498
7958.325009
7848.362683
7862.539318
8060.377528
7948.082543
7886.954514
3536.958683
3282.340483
4049.20914
3958.676768
4744.562947
3855.726837
6946.601143
6760.75175
6804.373299
6738.763463
6559.428975
6544.356018
9431.594789
9135.892148
9080.769287
9122.868227
9492.629762
8951.844856
3115.170123
3127.066984
3241.321208
2978.32969
3800.674376
3376.22116
6749.240796
6603.16904
6526.55611
6600.73861
6971.436963
6819.098406
8125.61545
8476.248204
8148.29506
8279.596991
7943.913344
7826.841103
7235.632586
7267.300458
7168.412744
7138.1777
6981.248688
6889.278953
4871.057618
5453.331287
6079.931033
6700.138514
6614.091901
6545.287411
11082.15305
11837.31348
12678.95605
13362.68055
14271.79873
15363.34294
9196.636925
10427.53794
11586.61383
12751.73032
12599.42636
13149.32826
3270.499887
3932.130881
4241.109363
4387.247213
4869.409243
5448.608093
3473.093443
3708.520444
3862.304716
3983.965917
3731.803812
3877.463697
11683.53136
12366.77641
12646.53268
14041.36682
14836.59105
15168.36613
9926.563004
10421.26354
11075.15964
12018.37425
13214.65768
14193.27974
6671.368201
7232.138737
8101.997095
8603.162327
8597.5309
8706.518166
4210.958704
5187.120672
5912.309111
6184.649096
5739.21015
5751.195002
4964.204069
5790.763698
7170.188805
7410.932207
7995.936981
8832.103145
4926.092042
5480.400619
5724.471736
6244.878512
5581.988922
5871.533061
5567.231465
6469.067704
7246.88041
7938.920505
7932.79418
8965.257815
13365.25158
14631.92824
16228.04484
17574.24566
18272.48787
19065.51043
8733.269192
9877.806764
10717.41977
11704.63016
12448.44078
13195.19889
2278.89828
2491.964697
2779.996683
2953.481918
2771.233055
2776.878803
6984.929662
7521.071829
8264.629925
9071.717619
9003.430959
9812.806854
2996.105496
3199.465271
3370.130501
3412.879785
3186.107485
3156.690887
8630.14338
8926.347114
9494.554839
10929.24655
10033.7571
9352.818303
2098.914769
2235.160265
2365.772041
2476.771424
2393.699194
2369.741848
8058.202241
8849.60595
9787.700658
10487.10515
10158.10369
11398.45008
10904.37443
12550.61601
14898.58786
17066.09813
15001.73267
16169.42961
3426.35114
4959.189839
3701.62091
4105.86627
4763.090882
5162.142513
12197.95675
13185.94138
17730.89734
18664.58025
18796.13847
21403.32131
3389.267915
3579.948541
3810.776321
3906.993499
3897.807102
3975.947574
3037.972484
3442.732516
3753.857534
3837.621994
4343.844072
4451.325277
3467.74791
3706.092456
3862.263773
3986.951109
3732.404912
3874.650592
5988.778111
6628.838563
6840.604678
7319.22587
6437.790897
7220.849431
3137.976769
3280.190207
3441.006862
3464.016682
3319.289937
3465.503836
9398.249878
9573.109467
9710.769274
9740.721337
9665.730193
9769.271636
11806.10478
12914.78976
14456.31559
16259.85923
16288.22045
16756.78181
2998.459093
3287.778827
3468.756853
3708.311221
3966.162155
4133.720642
7175.019069
7502.274832
7599.401005
8156.789419
7729.911861
8156.960461
10482.19905
11471.60951
12388.53819
13724.60344
12862.4431
13992.5397
15107.4653
16835.79657
19164.69706
18102.80097
15411.33631
16295.02422
14155.00169
14428.02406
15239.19891
15280.99574
16042.44378
16577.29016
3722.747478
3586.664218
3673.335557
3823.930043
3999.6657
4058.636446
9317.556461
9976.328717
10618.12563
11868.6105
12570.88515
13209.50164
6766.794533
7387.239332
8031.685955
8476.709088
8405.478165
8907.69685
3037.972484
3317.907186
3504.703935
3438.419369
3857.273859
3874.607129
2074.695252
2344.62161
2476.097792
2295.105465
2279.948316
2489.740358
18240.10068
18694.31017
19604.47955
19945.78965
19021.83359
18892.06319
3229.3144
3318.411665
3498.738068
3458.148479
3129.258292
3222.092546
3587.534998
3593.038277
3517.023861
3445.769738
3475.86873
3591.837458
1110.031872
1142.597094
1136.682987
1197.972249
1248.996326
1265.72584
4024.722235
4080.758224
4132.336517
3845.281939
3497.174961
3407.88772
1510.74653
1633.93121
1798.01135
1637.754563
1375.819634
1444.389866
2025.753027
2073.759214
2132.684102
2106.309957
2154.018865
2206.993745
4198.861672
4523.57699
4966.22173
4927.255501
4632.736538
5237.467052
9317.556461
9642.979973
9931.594842
10683.76269
11186.72037
11631.92807
2240.141968
2228.315309
2262.230794
2292.604509
2336.114399
2411.228316
11706.954
11992.807
12263.596
12531.357
12799.293
13068.161
2023.2346
2048.9472
2074.9625
2100.731
2126.2641
2151.5754
1332.893
1324.333
1315.912
1307.605
1299.371
1291.17
2045.262
2050.554
2055.915
2061.315
2066.718
2072.086
4593.041
4610.82
4627.926
4644.457
4660.539
4676.305
2219.7164
2215.0478
2210.6151
2206.0808
2201.1818
2195.9278
10012.905
10111.973
10212.857
10315.836
10420.551
10525.041
8502.823671
9258.687052
9654.678183
10593.86382
11527.40638
9845.463544
4359.371109
4503.972708
5206.628677
5884.846988
5600.740345
5303.743881
5324.312411
5394.204953
5914.589934
6811.617413
6354.446181
6430.436797
10798.37527
10805.62621
11672.59071
12375.73982
11666.89969
11144.59336
8833.044807
8811.941572
9624.69472
10463.49423
10186.97434
9763.401764
12141.55705
12298.60571
13298.58031
13861.25665
12655.50173
11648.68875
10205.19159
10194.70909
11005.76594
11715.52084
11149.44387
10634.41345
3316.750012
3146.203362
3651.136793
3621.937891
3368.223538
3933.157405
5838.97093
5591.015399
5669.595406
5210.244001
5549.271176
6617.037136
6829.664954
6788.636088
7279.984539
7890.479246
7545.409078
7189.111441
4646.232732
4656.435366
4996.664237
5254.701386
4349.853174
4644.38204
5084.18436
5186.954931
5622.398247
5937.885274
5429.900899
6049.643963
8292.031307
7870.037679
8031.785753
7371.60647
7719.661266
9367.711619
5849.374674
5712.542173
5602.899308
5515.892431
4119.676746
2113.037555
10739.48841
10759.88746
11598.74803
12473.38657
11649.21809
11325.03038
3675.645226
3831.501391
3656.672853
3285.049435
3157.789943
3342.886049
4930.62792
4939.193052
5412.870462
5992.07452
5777.739651
5610.850081
3362.431113
3587.468162
3769.743371
4510.698438
4331.979117
3667.699701
8891.811655
8867.166775
9676.244219
10521.69596
10230.50619
9849.003689
7106.601669
7233.282056
7900.437634
8785.425199
8287.475492
7919.35649
3102.543379
3110.25013
3480.462341
3389.678247
3225.538433
3682.540446
5194.206614
5073.355292
5513.307113
6107.600017
5924.559244
5793.022381
4667.808833
4655.02717
4978.669373
5236.512381
4346.164253
4621.322565
5403.823842
6152.612188
6060.411519
7858.525125
7366.140737
7918.528015
3107.354887
3208.201273
3667.513438
3566.537715
3654.125362
4187.689822
7595.336844
8731.935646
10137.63076
11157.12918
9592.277436
9907.480353
5090.411725
4645.572968
4791.061177
6278.449366
5656.68886
5532.278931
3260.612583
3447.252953
3620.731479
3770.624561
3611.702789
4101.938742
10019.04335
11094.77414
13838.6429
15021.87879
20601.38289
16352.09276
1438.657761
1446.023631
1529.614226
1630.564394
1548.444454
1486.334579
7731.391751
7935.198045
7732.579532
7903.275413
7708.033286
7525.364628
11051.73938
10953.04169
11354.47859
12782.81147
11601.75117
12470.00219
1648.174458
1548.692111
1709.789955
1349.190232
1010.650417
1080.900065
9553.68231
9022.646895
9264.474532
8736.250524
9846.909114
11768.88419
6600.543633
6639.771107
7243.43813
7706.974397
7130.640965
7810.001465
10643.88354
9693.305749
11007.44152
10495.22075
9112.949958
10598.13302
1119.200192
1120.894714
1189.87173
1317.845403
1243.714325
1187.378376
9510.180441
9388.479829
10247.63695
10972.97902
10525.20201
10253.84079
4691.870229
4857.597704
4736.919247
4245.030206
4110.180089
4379.536408
4508.984408
5307.391015
5841.294051
6409.482324
6168.959689
6455.477083
5632.865405
5562.375656
6285.754485
6673.103287
6352.597385
7091.69138
1117.815725
1110.650599
1239.774871
1334.396288
1225.213259
1165.252741
5185.141738
5254.596139
5961.162145
7122.222114
6317.930955
6447.656636
6220.658161
6054.276656
6095.322622
6173.163665
6475.905653
6594.858261
9674.69607
9789.343234
10725.93292
11440.98274
10721.52085
10292.02591
7229.391991
7037.794176
7467.027359
8038.989005
7383.282636
7480.8715
6975.946605
7275.629902
8056.045084
9026.451572
9109.065358
9338.107
7444.195082
7997.536829
8297.845377
8381.884111
6966.549008
7534.708907
4220.852821
4588.360281
4547.60289
4102.551952
4161.342314
4086.828335
3480.571726
3444.626148
3837.222101
3797.205743
3691.006804
4193.447921
3975.493949
3941.402464
3956.043499
3895.053002
3884.647401
4108.685528
7681.243535
8345.043624
9309.739029
9836.44313
10478.77204
10521.26914
2685.030019
2429.124159
2296.196476
2811.522623
2671.010931
2740.010632
3879.93858
3844.005127
3921.692682
3958.196567
3963.306881
3981.173547
19647.4407
20723.06376
21973.28344
22728.71332
22382.80085
22813.05409
16619.85867
16751.05152
18092.35622
18951.53079
17625.05329
17966.28678
9534.418179
10825.91105
11314.13205
12558.12662
14207.86018
15334.8666
8965.68024
9944.798435
10612.46908
11473.68364
12408.20731
13073.8952
6495.341144
7764.505089
9613.748704
10259.05241
11148.79007
12529.04638
18062.1212
20847.78736
24258.37192
27332.46717
25738.23934
25826.64845
4145.474318
4775.844089
5281.884471
5045.410704
5590.669158
5715.989499
3519.294186
3847.723733
4181.866277
4772.743568
5160.163814
5533.842651
12564.3
13314.5
13961.9
14219.2
13863.6
14447.1
12067.35572
12507.09676
13800.07498
13803.89804
13725.2811
14030.16329
10159.19977
10071.34009
10044.62005
10026.53096
10034.37894
10028.86353
9559.436188
9552.066126
9553.948507
9581.283148
9561.213235
9565.627202
10689.94752
10047.49108
10134.58539
9982.780149
9584.036807
9388.523407
8067.688609
8014.640567
8290.053603
8002.028884
9426.435407
9191.489362
4611.902968
4856.267325
5030.844003
4978.898916
4546.333648
4586.649122
7234.049669
7432.303928
7790.824214
8087.780703
7976.793964
8324.386559
9441.378924
9806.151048
10493.55969
10856.78851
9279.921745
9675.351366
3665.389691
3737.982782
3788.443127
3774.921194
3624.747232
3710.355928
2009.542884
2139.139857
2101.657531
2085.482004
2266.139576
2410.547437
7895.8632
8675.513546
9311.096432
9745.00615
9864.717821
10502.94265
3229.3144
3361.581957
3551.98873
3554.772284
3173.430786
3298.884535
4431.406909
4470.175067
4392.348204
4333.963441
4210.829649
4151.743822
1110.031872
1135.143383
1124.243168
1201.192734
1258.487062
1271.46968
3298.896446
3439.779675
3613.058233
3699.27405
3553.521133
3579.585202
2322.720378
2411.313932
2507.484327
2564.386069
2524.036201
2603.456006
11806.10478
12534.55251
13380.0676
13844.66846
13697.41203
13947.38264
7175.019069
7366.555264
7486.515473
7223.014069
7000.228678
7025.809122
2651.174147
2881.097137
3158.27201
3424.885646
3287.753479
3522.954407
2031.379968
2071.961614
2149.383054
2219.836516
2145.986953
2185.039245
10482.19905
10937.16811
11434.19421
11692.39513
11150.61572
11956.05057
4244.887251
4752.189256
4635.113961
4941.169267
4670.587934
4810.407015
9809.731549
9997.643516
10227.26644
10740.47492
11100.01876
11452.3877
13249.96678
14064.44995
15003.52038
15781.90351
16088.95789
16705.1708
7177.238938
7576.283571
8119.498046
8608.188922
8398.247721
8594.189588
1832.723858
1935.51514
2004.913259
2053.508424
2214.193681
2288.22226
2290.874196
2432.805161
2620.533427
2714.052186
2454.469525
2490.286703
8920.901031
9477.723062
9968.485452
10168.48917
9508.414015
9070.606092
4828.065757
5197.817222
5672.721205
6037.349397
5865.099498
5910.419778
3725.991953
3740.41337
3836.713549
3891.346821
3869.498224
3834.213778
2034.688421
2178.426177
2306.972084
2381.368816
2264.82804
2336.291795
1012.031643
960.0369341
997.1546021
993.7908356
959.1970208
991.5121795
2605.365767
2543.95223
2471.365712
2417.77723
2354.020508
2301.458063
2333.27549
2399.197004
2752.658921
3336.411931
3193.936167
3181.626417
7757.34064
7994.455125
8942.075646
8940.371751
10181.21511
10493.56133
4938.805347
5397.972202
5902.053388
6606.319782
6789.507472
6616.631137
8488.706886
8765.366731
8840.313883
9112.645066
8965.5128
9296.884061
8903.995493
9503.388242
10164.05704
10779.62124
10399.02599
10588.96143
3665.389691
3737.982782
3788.572327
3775.049118
3625.285317
3711.040315
11068.38508
11490.12961
11976.83832
12426.65368
11832.70017
12526.5642
4335.119467
4855.382711
5511.360984
6013.450555
6519.134412
7129.739238
3123.027351
3183.086709
3239.970616
3217.247621
3101.211345
3129.929977
7745.184738
7812.104673
8030.920853
8170.242791
8646.310287
7992.914468
4248.751942
4210.807704
4242.515746
4467.636024
4349.551175
4469.070904
1143.731165
1160.69523
1203.75258
1168.77791
1160.937103
1246.295644
10482.19905
10937.16811
11434.73033
11694.55608
11153.63567
11961.50452
9658.513353
9861.76413
10631.82444
10923.00027
10692.32535
10644.82946
6965.667682
7280.428155
7592.835705
7674.836811
7578.208304
8065.569861
9531.947552
10030.23211
10370.37604
10288.95934
9738.532074
10439.90933
8709.783638
9087.89263
9737.283411
10604.88009
10804.64253
11717.6287
1066.642571
1120.752944
1406.105623
1438.978732
1403.661891
1518.037707
4447.837782
4700.335037
5167.637161
5130.697943
4942.321825
4600.545736
1706.122636
1737.420268
1812.903009
1945.605409
1992.671445
2086.302892
7642.795332
7862.881884
8354.923487
8598.464452
8672.534261
8903.980164
3301.428443
3433.69838
3601.910932
3777.748911
3748.889374
3655.214862
2506.84707
2527.094691
2556.022357
2674.304507
2553.396162
2414.892687
4389.715089
4046.537028
4314.814753
4479.656489
4460.774087
4508.012723
4240.202559
4521.577338
4821.782237
6279.717252
5166.396027
5200.912205
4679.22753
4657.592238
4730.865933
4789.607029
4886.774039
4823.555812
1474.515366
1619.165629
1643.459252
1783.092602
1575.501203
1524.614865
2095.926334
2247.862517
2400.339417
2611.144818
2677.913003
2708.401617
1702.835004
1735.026863
1813.798636
1950.674554
1999.419777
2094.694429
2116.825074
2118.221226
2113.675806
2146.261642
2164.983667
2078.878709
1772.571511
1728.80249
1709.281392
1740.712883
1751.098917
1688.363357
8695.137324
9442.051305
10280.75781
10452.21784
10966.0056
13196.18097
2740.397305
2823.541959
2869.198007
2952.789113
2814.343574
2883.92646
3961.997997
4661.740326
5776.4414
6419.680584
6660.142609
6574.10444
4070.756285
4190.232825
4277.348287
4405.472088
4451.77245
4539.501351
9429.270837
10330.29017
11053.99626
11534.09631
11640.30942
12355.77033
5234.117154
5269.281902
5169.562575
5093.622167
4940.797962
4862.36832
1854.977752
1786.694364
1850.681359
1849.85992
1688.251972
1683.091163
1580.253759
1581.666212
1575.744025
1599.143763
1648.004179
1725.086337
1449.124093
1471.812004
1527.87131
1484.995672
1476.103884
1585.04358
1124.221018
1145.187112
1211.504723
1290.600431
1375.297617
1438.587521
6302.47508
6777.102542
7448.142851
7924.62989
7655.489089
7937.875638
4054.956425
4434.26938
4827.42839
4770.974382
4752.080101
5939.831551
9519.525158
9891.002556
10474.823
10941.34731
11147.76359
11430.53273
6245.152227
6568.419001
7136.692724
7626.629102
8007.981911
8473.843021
12426.53936
12946.48895
13513.50064
13793.82013
13131.34862
14056.60908
6616.148026
7016.718075
7536.643243
8171.335786
8090.908224
8675.341591
4140.238025
4194.936728
4363.181761
4470.305337
4264.495488
4773.492436
7850.459192
8901.103608
10849.11288
11844.62531
12748.28541
14575.34538
8822.552582
9599.726543
10203.80789
10999.90393
10400.75208
10131.22542
1066.409105
1129.141032
1183.708839
1203.595641
1121.967907
1067.087232
8001.891839
8358.42982
8744.739932
8904.277961
8537.886641
8767.460205
6107.675881
6380.735838
6607.272282
6636.643543
6860.723311
6980.311372
4031.588007
4033.914191
4019.266184
4085.874951
4132.374759
4170.593598
5050.373639
5789.187248
7015.587857
7535.624978
7877.841163
7864.768601
1473.980352
1574.700571
1548.690824
1604.702076
1706.040617
1773.444029
2396.409715
2433.921174
2531.675886
2469.298122
2445.954676
2622.000082
3030.999177
3081.088263
3133.061537
3103.487514
2933.156083
3066.282099
4639.838685
5012.409906
5749.154485
5742.906884
4978.805222
4948.692985
12690.79657
13195.94308
13635.09413
13583.65074
13246.1702
14058.18555
2109.97321
2244.815874
2396.147181
2511.101178
2536.849492
2727.239749
5071.673241
5017.811666
5217.523951
5214.659721
4807.005073
4832.058648
2335.690472
2424.566458
2299.663203
2250.279526
2183.875857
2133.40773
2209.085251
2342.148286
2429.465875
2471.449242
2408.50404
2445.861539
3594.562712
3630.135002
3710.508816
3763.721044
3609.091197
3550.268935
1598.552134
1704.490378
1673.833561
1732.712437
1836.925128
1905.424747
1129.769185
1229.252004
1171.299311
1218.868515
1150.008024
1179.503833
1524.31686
1553.920417
1545.350431
1628.948309
1557.329159
1610.121243
12257.90556
12897.93565
13257.19037
13390.11071
13469.03715
14147.83627
1873.587493
1930.305468
1942.705843
1997.593749
1961.357302
2029.913754
2745.69482
2561.39837
2620.845356
2586.561038
2458.876129
2534.040723
1509.240052
1508.154589
1562.90971
1568.537719
1537.080677
1542.398832
6029.068026
6147.246998
6279.254569
6217.695299
5798.033886
6064.256901
1079.519218
1129.541138
1235.648373
1307.269611
1373.999825
1456.294839
7613.903545
7665.288072
7934.746721
8115.9961
7614.255861
8503.862522
5899.54577
6194.542618
6365.909236
6479.257753
6941.042728
7125.582844
4510.947801
4773.152066
5101.056623
5315.860213
4815.056185
4903.783365
1531.079085
1559.966305
1586.376498
1563.580897
1475.206268
1472.308132
1333.807063
1340.968737
1348.174478
1355.386952
1362.51426
1369.43567
2659.2666
2687.591
2717.9237
2750.0515
2783.4981
2817.4724
2295.4226
2359.1972
2423.494
2488.2792
2553.3217
2618.3676
18509.116211
17207.22168
17424.807129
18006.934814
18287.219238
19090.457764
9594.109375
13007.889063
16517.08125
17230.978125
18389.640625
19304.145313
18910.195313
20658.197266
22319.994141
23993.082031
24781.726563
27526.662109
2150.3318359
3740.184375
4706.9910156
5674.1195313
8688.54375
9112.1265625
3514.0040625
3264.838125
2939.9534375
2847.63625
2873.6103125
2859.153125
8786.4484375
9208.5585938
9849.6585938
10120.022656
10463.766406
10971.560156
6985.3992188
7359.4828125
7129.859375
7359.9304688
7726.3453125
7856.6070313
6825.4868164
7169.0673828
7601.1621094
9316.0048828
11020.821289
8961.9453125
2630.3501953
2730.7822266
2785.9632813
2883.6753906
3091.1560547
3296.8257813
3803.8452148
4319.0557861
4884.5056152
5424.6087646
5647.2192383
6036.1505127
1676.4162109
2166.5574219
2064.9796875
2338.51875
2604.2728516
2734.7585938
10684.0
11176.621094
10939.878125
11235.861719
11282.667969
11536.8
3848.5421875
4142.4825
4560.9375
4741.7
4870.1359375
4650.87375
3295.0275
3744.43875
4071.909375
4443.503125
4657.065625
4947.790625
2657.5701172
2668.5546875
2736.9605469
3024.5425781
2992.5314453
3184.5375
10755.176563
14222.73125
17587.998438
19299.15625
20968.25625
21326.926563
19151.539063
20732.095703
21651.291016
24796.751953
25197.005859
27324.972656
4101.4084375
4214.630625
4651.4278125
4899.4278125
5036.363125
5143.3421875
5188.4328125
5382.9027344
5688.9457031
5847.4085938
5942.0554688
6411.9199219
10465.923438
11387.399219
11710.645313
12161.990625
12518.879688
13247.682813
7705.4960938
9100.0601563
10777.628906
11743.142969
13028.336719
14585.45625
9579.8937988
10383.148193
11096.398926
10935.197754
11134.575195
11308.203125
1942.6539063
2011.1692188
2086.2865625
2090.3101563
2160.9642188
2249.83125
6571.2476563
6869.0851563
7852.2820313
8489.5539063
8449.5820313
8801.1820313
9258.9632813
10292.86875
11233.15
12008.707031
12578.242969
13328.225
3142.7642578
3332.1699219
3642.4914063
3935.7476563
4474.0277344
4617.8230469
8961.8955078
9081.8857422
9809.71875
9787.6757813
10125.452148
10451.123047
3836.2554688
4250.3347656
4642.6472656
4834.9875
5093.6679688
5381.309375
10673.074219
11845.495313
12257.944531
10081.191406
8303.9125
8335.8984375
2031.3837891
2297.8472656
2412.3125
2544.6955078
2655.5880859
2651.4146484
14844.276
15250.698
15517.93
15899.255
16183.547
16598.099
2106.0121094
2105.3855469
2159.2298828
2436.0527344
2815.7886719
2914.9708984
1913.9185547
2093.1964844
2337.6140625
2430.1783203
2501.6341797
2578.1324219
9043.974375
9545.045625
9854.5975
9854.6225
9972.77625
10077.961875
3120.64625
3504.49625
3954.465625
4157.13
4379.4709375
4553.16375
16255.595703
16357.71875
16743.625
17667.896484
18759.478516
20232.917969
4746.0152344
4985.6550781
5220.0230469
5483.8363281
5746.4015625
6086.2617188
11718.431
12707.073
13758.196
14747.542
15651.357
16762.24
5381.7726563
5713.609375
5961.4359375
6237.9992188
6442.5035156
6707.7609375
2851.8179688
2896.2429688
2810.2388672
2755.0919922
2569.2796875
2509.7873047
2307.0085
2279.85575
2304.46475
2384.291
2483.68225
2570.68
2367.1851563
2902.9221875
3862.573125
4329.72875
4545.0621875
4244.384375
11809.08
12811.37
13731.5025
11689.83625
12250.83875
12040.8025
11427.119141
12389.44043
13113.493164
14694.30957
15375.086914
16108.048828
11285.388281
12887.059375
14472.173438
16038.060938
16155.090625
16128.671875
3792.9225
4114.9421875
4560.9375
4736.8615625
4859.4634375
4645.9428125
3620.0446875
4374.2803125
4939.3425
5016.5175
4634.771875
4299.194375
2063.5097656
2053.7292969
2072.0435547
2369.3300781
2695.1515625
2846.9746094
4203.1259375
4263.9446875
4651.4278125
4872.2765625
4972.0446875
5055.768125
11567.729
12670.53
13779.918
14805.637
15644.515
16810.26
6015.3771973
6774.4122314
6385.9490967
6611.229248
6494.8999023
6557.5476074
2273.36375
2325.898
2392.258
2409.86825
2497.6145
2522.987
1932.9933594
1945.8740234
1965.4798828
1931.1181641
1986.5140625
2003.4494141
6644.4367188
6905.7851563
7852.2820313
8451.7382813
8409.6445313
8707.29375
9045.8564453
9122.5419922
9809.71875
9720.6884766
10061.908203
10342.435547
2346.2265625
2395.4046875
2338.8355469
2432.8914063
2571.7550781
2723.9619141
7389.2832031
7867.2768555
8056.6049805
8367.3681641
9892.6962891
10288.472656
3159.5785156
3421.5367188
3970.3496094
4050.4179688
4118.2730469
4196.7992188
7974.9804688
8908.7398438
10199.840625
10310.347656
10708.902344
11648.078906
5664.285
5862.501875
6183.628125
6261.879375
6366.034375
6456.230625
7968.0078125
8090.6196289
8140.2094727
8320.7060547
8322.5380859
8407.6640625
4048.2175781
4335.9621094
4634.0417969
4962.4839844
5383.3570313
5893.0410156
2211.0914063
2285.3558594
2338.8355469
2328.1685547
2390.2148438
2480.2675781
16099.044922
16880.501953
16778.580078
17828.476563
17828.476563
18985.992188
2652.7753125
2703.1434375
2653.7609375
2546.8607813
2518.0771875
2540.8859375
12113.05875
12689.87125
13953.6525
14704.98
15097.5925
15640.17125
2211.0162109
2355.5197266
2412.3125
2594.3402344
2787.0703125
2973.7832031
14896.173
15273.331
15517.931
15863.049
16099.333
16490.192
12280.0
12710.0
12930.0
13430.0
13760.0
14330.0
7865.1
7980.3
7954.7
8003.8
7988.4
8033.0
4021.0
4153.4
4193.5
4020.9
4101.9
4206.6
3324.56
3447.77
3495.91
3362.72
3440.55
3542.35
2660.03083333333
2734.30833333333
2832.25833333333
2924.1325
3006.25333333333
3088.85583333333
5290.27033761056
6595.16272002026
6873.09063136456
7356.04843849586
7519.80109651919
5304.71403474527
9054.332
9173.082
9295.784
9416.801
9535.079
9651.349
11527.9077465226
12863.7938711386
13335.5749482478
14999.045102229
17288.5454931453
19507.8665827565
12461.7096900553
13882.3234444331
14464.1656947692
16205.4146628502
18440.7434331997
20774.2686491099
9590.435
9919.724
9986.717
10664.06
11906.57
11727.65
5405.83043199452
5905.2091337064
6214.50665890934
7044.5394326216
7373.96167536466
5207.24744029857
2201.29307778936
2336.07395134083
2416.71361756564
2432.7516061747
2537.6492654633
2668.12125742202
1716.31175514626
1862.80227434257
1720.73676258048
1815.42902722151
1852.39884667571
1619.17162146829
5408.908
4400.558
4232.859
4252.6
4146.425
3881.566
1670.4
1698.5
1673.2
1696.9
1723.8
1744.5
10720.0
10790.0
10660.0
10510.0
10240.0
10140.0
3309.0
3308.6
3402.1
3692.8
3983.1
4291.9
4751.666
6062.2501
7258.518
8515.909
9741.595
11065.0915
10059.22
13962.48
17434.83
18184.05
19499.9
19602.93
1164.05
1227.76
1266.91
1563.17
1502.27
1446.64
6250.65449979147
6592.43073615253
6789.59168622107
7051.13231369165
7291.21927375183
7447.8772590459
6144.41951219512
6183.0512195122
6221.2756097561
6258.29756097561
6293.21707317073
6325.68536585366
12360.8519806872
12318.6783405173
12813.8286516731
14459.1058247017
15443.2133718797
13989.8995768413
5968.06244223702
6224.95653589878
5648.53019674205
5777.08847286496
5713.62418670192
4873.200367438
5485.28910048523
5561.22936245024
5688.66673216525
5840.14551097881
6006.08024717814
6156.61819419978
2190.937
2447.154
2552.806
2580.331
2543.696
2412.565
3081.84639574235
3013.85935112701
2874.55391473272
2709.7307095245
2697.76288194539
2778.78061001952
11390.0
11790.0
11600.0
11850.0
11910.0
11850.0
4657.30173745799
5223.37757490143
5702.16828789377
6074.18197147212
6432.29581291884
6205.06414529951
2668.03598826159
2659.87641930604
2658.78747641583
2654.28501599124
2653.8989293081
2707.08625801197
6085.3512195122
6146.61463414634
6206.93658536585
6264.49756097561
6317.78780487805
6366.30243902439
3418.5895616943
3555.88991513187
4697.92303889824
5039.02606586893
5735.65960346077
6191.69406475891
6146.643
6964.884
6993.825
7069.26
7217.271
7310.293
9312.04946268888
11530.1472010731
10642.4322523013
10658.7727292505
10772.0617537637
8266.4456050624
15419.36
15772.98
16134.89
16503.51
16876.73
17252.92
4814.38
4939.01
5057.22
5212.9
5412.08
5614.62
10250.0
10090.0
10000.0
9730.0
9980.0
10130.0
7730.8
7850.4
7839.4
7434.4
7672.4
7797.8
5429.0
5520.0
5513.0
5376.0
5450.0
5526.0
3601.0
3136.0
3228.0
2946.0
2502.0
2317.0
7786.79
7768.405
7653.71833333333
6765.99166666667
6901.98166666667
7044.91583333333
7311.38255925926
7468.75965185185
7655.99869259259
8168.83997777778
8786.96148148148
9503.7037037037
4133.83404063129
4765.47047870678
5038.84181585954
5385.10755039906
5872.20873916801
6379.41528860397
4300.564738591
4477.90989285501
4873.45714209237
5215.38905868244
5396.15774988756
5313.20595188714
1878.681
2201.004
2071.338
1936.055
1662.107
1428.235
2096.20294862728
2143.03873556544
2198.42753307587
2227.28520520182
2263.52392130704
2313.04507576407
2416.13126
2448.08254
2480.37853
2512.68276
2544.54778
2575.63815
7658.459
8446.202
9338.431
9820.185
10113.23
10589.71
10190.0
10380.0
10410.0
9970.0
10230.0
10240.0
10614.11
7652.551
7642.217
6451.277
8931.433
11441.69
2102.47
2158.21
2316.29
2380.15
2444.77
2491.14
979.905
964.309
971.07
1000.195
1043.186
1090.579
3689.0
3773.0
3789.0
3737.0
3876.0
3970.0
4054.27066775675
4266.07702155425
4423.11735483368
4656.21980691606
4830.97691525943
4940.04583574111
6518.34390243903
6530.27804878049
6544.06341463415
6559.60731707317
6576.65853658537
6595.16829268293
13600.0
14150.0
13630.0
13970.0
14640.0
14010.0
5473.4
5683.6
5778.7
5814.7
6098.4
6211.9
4794.35779507139
6197.76611859856
6605.13993341063
7335.02759191628
7468.09656671158
6571.85384900585
8800.37775119109
11238.831680627
11779.7473487848
12824.3716202467
12797.6978265986
11032.153515202
11385.2608169241
12975.3687380826
14454.1620094919
17005.253051612
17548.9619550379
18184.4137293236
23921.4727325836
27957.0563658808
26662.1887025386
24994.1095614577
25388.3176620046
22780.377857279
2010.586
2032.95
2057.331
2083.061
2109.197
2135.022
5260.43271347173
6259.35463763631
6701.24379733537
7316.80003222123
7130.70753799269
5586.01772000503
6957.45487905414
7983.55669487491
5980.58676740693
5432.16904756631
6055.25253608965
6403.82094924856
4499.744
4377.781
4142.981
4633.787
4586.203
4550.979
7601.86585365854
7620.04878048781
7633.75121951219
7646.23414634146
7660.26097560976
7677.28292682927
7040.64620886671
7049.4832720283
6785.22544098992
6740.81308578568
7007.00325145845
7208.09818700554
1647.51292561566
1726.74883357224
1850.5579183406
1909.91954906072
1831.14102293044
1794.32573764399
3142.42947588247
3286.47881382585
3513.96220940812
3618.23125271989
3461.64509609142
3385.96746295547
10457.9040852269
12078.2745750371
14026.6912860389
13850.0468177818
14578.36387254
13709.8521248511
10003.6706903497
11518.3933672403
11668.6855241265
12129.6422964425
12803.4459335894
11681.7612610428
10123.211756604
11549.8502055319
11708.3527454243
12153.419713759
12479.1650338323
11596.2711835398
8000.37643182154
9197.02697152061
9291.22761861899
9637.00265000958
10153.9382184867
9252.11072429051
6591.13443661637
9566.48170735261
11343.4016717138
11871.5135947359
11232.5428399584
10777.5540973894
2857.6734140278
2967.76992367239
3014.72703258224
3106.94667076151
3141.85240475788
3239.55203566395
7214.82195121951
7257.69268292683
7298.54390243902
7336.46585365854
7370.90487804878
7401.60975609756
4175.01231533203
5248.9145294127
5648.12463094317
6052.34444722447
6231.97936625371
5292.42556068943
2432.1457
2501.6921
2573.2928
2646.718
2721.6276
2797.7863
6464.35609756098
6491.74878048781
6518.09024390244
6542.77804878049
6565.40975609756
6585.78536585366
5143.13067579247
5292.74779208093
5435.72452976209
5608.60199939429
5831.03579687798
6000.03766527734
6822.377
7319.196
7058.978
7427.747
7687.723
7179.541
3628.44027467
3606.96843392682
3291.48984057141
3158.80648026107
3056.99998809146
2682.3470643642
1838.0
1999.0
2142.0
2287.0
2509.0
2874.0
5477.89752484403
5240.38595519936
5099.9369434005
5148.24181483557
4923.6877231987
4535.48357252452
9303.8902
9450.1233
9601.7322
9757.1676
9913.869
10069.9395
1562.300014
1762.400055
1646.800041
2358.499908
2371.899986
2457.299995
4505.50388356718
4652.75698089804
4703.56543494594
4831.02407744122
4948.58048950579
4994.72368056106
2809.0647
2878.8438
2949.6047
3020.1051
3088.6545
3154.0372
10804.6844747547
11967.3623467509
12633.8883330393
13160.207742045
13373.5887816589
13617.8837786696
12970.01
12242.72
11113.37
9302.428
8899.378
7736.039
5760.752
6320.858
6588.6
6684.976
6903.571
6799.975
1276.34872518313
1410.60896086799
1445.39804939478
1458.36719514133
1450.6338203281
1475.36005561914
3673.45380538709
4057.6882290562
3855.82704019488
3579.83345589378
3419.48363080155
3067.05593742407
5312.26585365854
5366.49024390244
5420.5
5472.7
5522.09024390244
5568.22195121951
11390.0
11900.0
12310.0
10860.0
10370.0
10240.0
14215.3294242954
15964.4520955706
18064.5079658887
18711.0897910993
20877.0054355486
24147.2360102858
8430.90596506227
8448.50426083464
9422.27099435231
9618.35053127583
9680.11591367368
9485.31924429496
6077.262
6135.267
6245.778
6492.822
6568.703
6552.184
5870.6066704
6061.45691072
6183.24764652
6245.92201609
6353.31377875
6480.1595643
3370.70647484059
2860.27139100571
2620.416344062
2441.53427713153
2380.86846116249
2426.98741617683
4564.8525
4712.2998
4864.5709
5021.3457
5182.2621
5347.042
3813.71299704495
4359.65558648545
4845.38261844357
4607.90633291037
4481.94007614633
4396.39786052253
3554.07545539972
3637.74611187629
3656.89509321302
3530.10767811261
3587.7399383123
3700.24261969027
4479.01235418457
5072.36064681155
5563.19934654042
6052.0869922688
6591.0526744835
6932.84430669716
13601.3155905036
16315.9671670265
17578.1379051433
18331.0146378081
13350.3411375739
9061.50233237353
13400.4155905036
15936.3671670265
17281.3039669628
18021.1935443513
13194.4938460632
8942.27798962677
2297.3
2332.6
2329.5
2340.4
2358.4
2392.1
10989.64
11373.08
11995.26
11652.15
10237.2
9185.96
1377.08214046938
1451.88350530969
1547.98156043502
1645.91072139771
1749.46739541116
1856.71850256197
13770.8214046938
15649.6694510875
17404.682979775
19075.5123335561
20366.9172343054
21320.7036847857
2899.5745
2942.7631
2985.4238
3027.6045
3069.3827
3110.8083
11593.1749697241
13553.9487317008
15582.0001920492
17122.2025117381
18620.4652922262
19359.9379094859
1310.0
1250.0
1150.0
1110.0
1080.0
1080.0
2908.77657684776
3038.89933362956
3383.16965028661
3859.96181423054
4060.75587193448
3638.73545767602
13100.5367135994
13503.816340536
14227.2377912034
15828.4925225743
16509.7459711297
14062.916511457
1775.68
1790.957
1805.2
1818.117
1812.771
1797.151
6761.25998574525
7238.19432164569
7765.87081563703
8535.04408619666
9191.94803157578
9496.67696120244
1511.47175
1559.15683333333
1664.65591666667
1734.54858333333
1812.88691666667
1921.50391666667
7202.32522
7836.48468
8814.96318
9214.1248
9789.08218
10591.85579
6161.983055
6121.599118
6634.982751
7342.719381
7297.28358
8898.561316
7442.6
7886.13
8288.16
8260.16
8750.18
9027.92
2907.640414
2984.323083
3152.099962
3404.4176
3642.0168
3988.137
5895.7
6960.5
3052.1
4752.8
4651.6
4159.0
24845.573844
25102.951507
27867.000549
29192.179902
32301.699563
35072.97761
6249.49912
4812.824407
5173.021543
5555.407429
6139.227438
6111.151942
11238.31
11870.66
12349.92
12716.36
13415.17
14127.99
3299.26523825
3967.5709
4548.96485875
5100.56579275
5116.961776
5580.84619325
3894.68874172185
4086.43313872672
3894.28872921215
4051.387905165
4320.37575405516
4011.89744074946
5026.92611862643
5799.43943943944
5615.95145103597
5943.68105684627
5839.40613209713
5044.06909871546
2338.71987682303
2663.53702212092
2787.16974059255
2992.20099455427
2960.77800144929
2866.80010005429
20391.304045846
22745.2517065428
22995.0130818415
23619.1019389024
25840.9337056916
26928.9269335161
4665.98408181344
5112.35613291663
4833.3572726737
5050.47153221994
5132.26399728758
4377.4985173612
8861.49371999101
9730.277761437
9720.56167412905
10198.6472993047
10353.4479828794
9005.02426497766
3077.36968889032
3194.13578847781
3211.18125667018
3208.53843511117
3161.67536087396
3210.07075473107
10560.43
12782.65
14802.91
15457.03
15795.94
16231.97
14779.1794630822
16708.7373203271
19770.6023162468
18853.1864372857
19149.0908223379
19514.4004868519
8033.97456631732
8318.53356568291
9724.6847794599
9140.57445549941
9648.88798195122
9899.15927147923
7257.7
9254.6
12474.8
14048.7
13658.7
13674.8
2079.94187834149
2302.61036900663
2517.2679199456
2505.88626160646
2420.77572657373
2374.65456616835
3094.37999987996
3623.82999987994
3970.05999988021
4039.75999987989
4133.02999987998
4038.83999987994
15517.0
18175.0
20365.0
21223.0
22162.0
24143.8
15516.0760588349
18158.9715136427
20409.7300449584
21221.1317060127
22148.3965760355
24128.3694411963
5151.3504
6079.5114
6831.2928
7052.1283
8124.7076
8584.958
1836.26
1887.59
2102.73
2155.56
2019.7
2023.76
3178.799
3889.197
4311.457
4573.036
4438.939
4421.146
4022.07905
4236.04787
4689.57991
4721.91297
4836.03484
5125.94926
4560.155
4576.794
4586.897
4598.294
4617.225
4640.703
5069.53
5183.47
5309.46
5433.6
5563.19
5696.76
5391.428
5398.384
5407.579
5413.393
5418.649
5424.05
8029.73170731707
8055.12195121951
8096.70731707317
8121.34146341464
8170.51219512195
8215.58536585366
3060.0
2680.0
3270.0
3900.0
3890.0
4690.0
1022.11648236265
1000.0
1371.21357322022
1369.85525120624
1379.72183565137
1298.02251647903
6889.24966666667
6545.56125
5937.67725
6068.58591666667
5679.84758333333
5947.17875
4228.48110671223
3436.209059598
3498.88492708148
3576.17877367122
3186.27657544331
3146.45984704656
2892.34025
3622.60858333333
3706.58416666667
4034.02941666667
4034.12408333333
4249.30025
3525.025
4359.1
3851.825
3749.75
4159.55
4904.725
9724.88268458117
10000.0
10078.6245269606
10252.5867230166
10555.8694654546
10842.2762106908
7320.0
7290.0
7190.0
7270.0
7210.0
7000.0
1374.01
1366.11
1261.51
1201.1
1171.12
1164.14
2790.0
2810.0
2780.0
2830.0
2880.0
2950.0
1940.0
2080.0
2080.0
2050.0
1980.0
1930.0
13723.3
15950.4
18631.3
19226.7
19201.1
20044.4
5741.6
6276.8
7016.8
7568.8
7327.2
7630.9
3880.0
3910.0
3960.0
3900.0
3850.0
3850.0
5310.0
5320.0
5210.0
5310.0
5330.0
5800.0
9340.0
9100.0
9130.0
9200.0
9180.0
9120.0
4531.5
4678.1
4880.3
5065.6
5161.8
5325.6
933.0
827.0
800.0
1649.0
1679.0
1840.0
4725.0
4098.0
3526.0
3113.0
3090.0
2791.0
2508.41
2452.9
2469.76
2373.28
2258.09
2250.97
2420.0
2350.0
2410.0
2420.0
2400.0
2430.0
1490.0
1430.0
1430.0
1430.0
1380.0
1350.0
4065.097
4220.434
4293.352
4202.96
4330.853
4527.845
3163.694
5705.527
5544.53
5492.85
6063.356
5711.16
4491.95
3920.3
